# t x y
# Degree = 5
0.000000 -9.729121 0.000000
0.128228 -9.656080 -1.260422
0.256457 -9.437768 -2.501446
0.384685 -9.076618 -3.703901
0.512913 -8.576687 -4.849072
0.641141 -7.943652 -5.918927
0.769370 -7.184816 -6.896346
0.897598 -6.309099 -7.765346
1.025826 -5.327050 -8.511315
1.154054 -4.250834 -9.121230
1.282283 -3.094243 -9.583895
1.410511 -1.872688 -9.890161
1.538739 -0.603206 -10.033159
1.666968 0.695546 -10.008525
1.795196 2.003289 -9.814628
1.923424 3.298120 -9.452799
2.051652 4.556514 -8.927558
2.179881 5.753326 -8.246842
2.308109 6.861784 -7.422232
2.436337 7.853498 -6.469182
2.564565 8.698453 -5.407247
2.692794 9.365013 -4.260309
2.821022 9.819919 -3.056805
2.949250 10.028289 -1.829959
3.077479 9.953620 -0.618003
3.205707 9.557785 0.535590
3.333935 8.801036 1.581880
3.462163 7.642002 2.466233
3.590392 6.037691 3.128092
3.718620 3.943485 3.500749
3.846848 1.313148 3.511119
3.975076 -1.901182 3.079509
4.103305 -5.748987 2.119394
4.231533 -10.281372 0.537186
4.359761 -15.551065 -1.767990
4.487990 -21.612416 -4.904529
4.616218 -28.521398 -8.988569
4.744446 -36.335604 -14.144223
4.872674 -45.114253 -20.503802
5.000903 -54.918184 -28.208046
5.129131 -65.809858 -37.406353
5.257359 -77.853361 -48.257003
5.385587 -91.114398 -60.927388
5.513816 -105.660299 -75.594241
5.642044 -121.560016 -92.443860
5.770272 -138.884122 -111.672339
5.898500 -157.704813 -133.485798
6.026729 -178.095908 -158.100602
6.154957 -200.132849 -185.743599
6.283185 -223.892698 -216.652341


# Degree = 6
0.000000 -9.988182 0.000000
0.128228 -9.906774 -1.260422
0.256457 -9.663824 -2.501446
0.384685 -9.263136 -3.703901
0.512913 -8.710997 -4.849072
0.641141 -8.016103 -5.918927
0.769370 -7.189445 -6.896346
0.897598 -6.244170 -7.765346
1.025826 -5.195410 -8.511315
1.154054 -4.060082 -9.121230
1.282283 -2.856649 -9.583895
1.410511 -1.604856 -9.890161
1.538739 -0.325436 -10.033159
1.666968 0.960217 -10.008525
1.795196 2.230412 -9.814628
1.923424 3.463544 -9.452799
2.051652 4.638522 -8.927558
2.179881 5.735215 -8.246842
2.308109 6.734939 -7.422232
2.436337 7.620974 -6.469182
2.564565 8.379103 -5.407247
2.692794 8.998195 -4.260309
2.821022 9.470812 -3.056805
2.949250 9.793846 -1.829959
3.077479 9.969194 -0.618003
3.205707 10.004455 0.535590
3.333935 9.913669 1.581880
3.462163 9.718073 2.466233
3.590392 9.446906 3.128092
3.718620 9.138227 3.500749
3.846848 8.839779 3.511119
3.975076 8.609876 3.079509
4.103305 8.518323 2.119394
4.231533 8.647365 0.537186
4.359761 9.092675 -1.767990
4.487990 9.964364 -4.904529
4.616218 11.388026 -8.988569
4.744446 13.505818 -14.144223
4.872674 16.477560 -20.503802
5.000903 20.481882 -28.208046
5.129131 25.717389 -37.406353
5.257359 32.403862 -48.257003
5.385587 40.783491 -60.927388
5.513816 51.122141 -75.594241
5.642044 63.710641 -92.443860
5.770272 78.866115 -111.672339
5.898500 96.933334 -133.485798
6.026729 118.286111 -158.100602
6.154957 143.328713 -185.743599
6.283185 172.497317 -216.652341


# Degree = 7
0.000000 -9.988182 0.000000
0.128228 -9.906774 -1.278040
0.256457 -9.663824 -2.535191
0.384685 -9.263136 -3.750891
0.512913 -8.710997 -4.905241
0.641141 -8.016103 -5.979312
0.769370 -7.189445 -6.955458
0.897598 -6.244170 -7.817603
1.025826 -5.195410 -8.551507
1.154054 -4.060082 -9.145008
1.282283 -2.856649 -9.588240
1.410511 -1.604856 -9.873804
1.538739 -0.325436 -9.996917
1.666968 0.960217 -9.955507
1.795196 2.230412 -9.750267
1.923424 3.463544 -9.384660
2.051652 4.638522 -8.864862
2.179881 5.735215 -8.199656
2.308109 6.734939 -7.400254
2.436337 7.620974 -6.480060
2.564565 8.379103 -5.454352
2.692794 8.998195 -4.339897
2.821022 9.470812 -3.154483
2.949250 9.793846 -1.916361
3.077479 9.969194 -0.643613
3.205707 10.004455 0.646591
3.333935 9.913669 1.938817
3.462163 9.718073 3.220299
3.590392 9.446906 4.481979
3.718620 9.138227 5.719647
3.846848 8.839779 6.935206
3.975076 8.609876 8.138044
4.103305 8.518323 9.346539
4.231533 8.647365 10.589678
4.359761 9.092675 11.908814
4.487990 9.964364 13.359563
4.616218 11.388026 15.013821
4.744446 13.505818 16.961947
4.872674 16.477560 19.315078
5.000903 20.481882 22.207597
5.129131 25.717389 25.799764
5.257359 32.403862 30.280499
5.385587 40.783491 35.870335
5.513816 51.122141 42.824533
5.642044 63.710641 51.436376
5.770272 78.866115 62.040635
5.898500 96.933334 75.017217
6.026729 118.286111 90.795001
6.154957 143.328713 109.855858
6.283185 172.497317 132.738868


# Degree = 8
0.000000 -9.999734 0.000000
0.128228 -9.917660 -1.278040
0.256457 -9.672779 -2.535191
0.384685 -9.269101 -3.750891
0.512913 -8.713238 -4.905241
0.641141 -8.014297 -5.979312
0.769370 -7.183734 -6.955458
0.897598 -6.235172 -7.817603
1.025826 -5.184176 -8.551507
1.154054 -4.048006 -9.145008
1.282283 -2.845329 -9.588240
1.410511 -1.595914 -9.873804
1.538739 -0.320305 -9.996917
1.666968 0.960521 -9.955507
1.795196 2.225508 -9.750267
1.923424 3.453869 -9.384660
2.051652 4.625443 -8.864862
2.179881 5.721024 -8.199656
2.308109 6.722683 -7.400254
2.436337 7.614053 -6.480060
2.564565 8.380579 -5.454352
2.692794 9.009720 -4.339897
2.821022 9.491093 -3.154483
2.949250 9.816544 -1.916361
3.077479 9.980142 -0.643613
3.205707 9.978079 0.646591
3.333935 9.808462 1.938817
3.462163 9.470993 3.220299
3.590392 8.966507 4.481979
3.718620 8.296370 5.719647
3.846848 7.461712 6.935206
3.975076 6.462485 8.138044
4.103305 5.296329 9.346539
4.231533 3.957220 10.589678
4.359761 2.433903 11.908814
4.487990 0.708072 13.359563
4.616218 -1.247709 15.013821
4.744446 -3.472369 16.961947
4.872674 -6.018993 19.315078
5.000903 -8.957803 22.207597
5.129131 -12.379485 25.799764
5.257359 -16.398876 30.280499
5.385587 -21.159036 35.870335
5.513816 -26.835725 42.824533
5.642044 -33.642309 51.436376
5.770272 -41.835120 62.040635
5.898500 -51.719292 75.017217
6.026729 -63.655093 90.795001
6.154957 -78.064789 109.855858
6.283185 -95.440055 132.738868


# Degree = 9
0.000000 -9.999734 0.000000
0.128228 -9.917660 -1.278757
0.256457 -9.672779 -2.536520
0.384685 -9.269101 -3.752639
0.512913 -8.713238 -4.907146
0.641141 -8.014297 -5.981086
0.769370 -7.183734 -6.956820
0.897598 -6.235172 -7.818326
1.025826 -5.184176 -8.551453
1.154054 -4.048006 -9.144159
1.282283 -2.845329 -9.586710
1.410511 -1.595914 -9.871839
1.538739 -0.320305 -9.994866
1.666968 0.960521 -9.953774
1.795196 2.225508 -9.749246
1.923424 3.453869 -9.384645
2.051652 4.625443 -8.865963
2.179881 5.721024 -8.201717
2.308109 6.722683 -7.402808
2.436337 7.614053 -6.482340
2.564565 8.380579 -5.455405
2.692794 9.009720 -4.338847
2.821022 9.491093 -3.150997
2.949250 9.816544 -1.911403
3.077479 9.980142 -0.640553
3.205707 9.978079 0.640388
3.333935 9.808462 1.909815
3.462163 9.470993 3.145890
3.590392 8.966507 4.326687
3.718620 8.296370 5.430265
3.846848 7.461712 6.434644
3.975076 6.462485 7.317673
4.103305 5.296329 8.056741
4.231533 3.957220 8.628339
4.359761 2.433903 9.007401
4.487990 0.708072 9.166440
4.616218 -1.247709 9.074404
4.744446 -3.472369 8.695240
4.872674 -6.018993 7.986119
5.000903 -8.957803 6.895283
5.129131 -12.379485 5.359470
5.257359 -16.398876 3.300863
5.385587 -21.159036 0.623529
5.513816 -26.835725 -2.790722
5.642044 -33.642309 -7.087102
5.770272 -41.835120 -12.443292
5.898500 -51.719292 -19.075646
6.026729 -63.655093 -27.246197
6.154957 -78.064789 -37.270554
6.283185 -95.440055 -49.526738


