# t x y
# Degree = 3
0.000001 13.400819 -0.978765
0.128229 11.758897 1.138363
0.256458 10.185388 2.995844
0.384686 8.680293 4.604725
0.512914 7.243611 5.976058
0.641142 5.875342 7.120889
0.769371 4.575487 8.050268
0.897599 3.344045 8.775244
1.025827 2.181017 9.306866
1.154055 1.086402 9.656182
1.282284 0.060201 9.834241
1.410512 -0.897587 9.852093
1.538740 -1.786961 9.720785
1.666969 -2.607922 9.451367
1.795197 -3.360469 9.054888
1.923425 -4.044603 8.542396
2.051653 -4.660324 7.924940
2.179882 -5.207631 7.213570
2.308110 -5.686525 6.419333
2.436338 -6.097005 5.553279
2.564566 -6.439072 4.626456
2.692795 -6.712725 3.649914
2.821023 -6.917965 2.634701
2.949251 -7.054791 1.591866
3.077480 -7.123204 0.532458
3.205708 -7.123203 -0.532475
3.333936 -7.054789 -1.591882
3.462164 -6.917962 -2.634717
3.590393 -6.712721 -3.649930
3.718621 -6.439067 -4.626471
3.846849 -6.096999 -5.553293
3.975077 -5.686518 -6.419346
4.103306 -5.207623 -7.213581
4.231534 -4.660315 -7.924951
4.359762 -4.044593 -8.542405
4.487991 -3.360458 -9.054895
4.616219 -2.607910 -9.451372
4.744447 -1.786948 -9.720788
4.872675 -0.897572 -9.852094
5.000904 0.060217 -9.834240
5.129132 1.086419 -9.656178
5.257360 2.181035 -9.306859
5.385588 3.344064 -8.775234
5.513817 4.575507 -8.050255
5.642045 5.875363 -7.120873
5.770273 7.243632 -5.976038
5.898501 8.680316 -4.604702
6.026730 10.185412 -2.995817
6.154958 11.758922 -1.138332
6.283186 13.400845 0.978800


# Degree = 4
0.000001 9.798297 -0.978765
0.128229 10.028680 1.138363
0.256458 9.957163 2.995844
0.384686 9.621061 4.604725
0.512914 9.056068 5.976058
0.641142 8.296253 7.120889
0.769371 7.374064 8.050268
0.897599 6.320327 8.775244
1.025827 5.164244 9.306866
1.154055 3.933395 9.656182
1.282284 2.653740 9.834241
1.410512 1.349614 9.852093
1.538740 0.043730 9.720785
1.666969 -1.242820 9.451367
1.795197 -2.490569 9.054888
1.923425 -3.681669 8.542396
2.051653 -4.799897 7.924940
2.179882 -5.830651 7.213570
2.308110 -6.760953 6.419333
2.436338 -7.579446 5.553279
2.564566 -8.276394 4.626456
2.692795 -8.843687 3.649914
2.821023 -9.274835 2.634701
2.949251 -9.564970 1.591866
3.077480 -9.710849 0.532458
3.205708 -9.710848 -0.532475
3.333936 -9.564967 -1.591882
3.462164 -9.274829 -2.634717
3.590393 -8.843679 -3.649930
3.718621 -8.276384 -4.626471
3.846849 -7.579434 -5.553293
3.975077 -6.760940 -6.419346
4.103306 -5.830636 -7.213581
4.231534 -4.799880 -7.924951
4.359762 -3.681651 -8.542405
4.487991 -2.490550 -9.054895
4.616219 -1.242800 -9.451372
4.744447 0.043751 -9.720788
4.872675 1.349635 -9.852094
5.000904 2.653761 -9.834240
5.129132 3.933415 -9.656178
5.257360 5.164262 -9.306859
5.385588 6.320344 -8.775234
5.513817 7.374080 -8.050255
5.642045 8.296266 -7.120873
5.770273 9.056079 -5.976038
5.898501 9.621068 -4.604702
6.026730 9.957166 -2.995817
6.154958 10.028678 -1.138332
6.283186 9.798291 0.978800


# Degree = 5
0.000001 9.798297 0.030992
0.128229 10.028680 1.219538
0.256458 9.957163 2.444040
0.384686 9.621061 3.663675
0.512914 9.056068 4.842744
0.641142 8.296253 5.950445
0.769371 7.374064 6.960646
0.897599 6.320327 7.851658
1.025827 5.164244 8.606004
1.154055 3.933395 9.210196
1.282284 2.653740 9.654503
1.410512 1.349614 9.932725
1.538740 0.043730 10.041965
1.666969 -1.242820 9.982402
1.795197 -2.490569 9.757061
1.923425 -3.681669 9.371587
2.051653 -4.799897 8.834019
2.179882 -5.830651 8.154557
2.308110 -6.760953 7.345339
2.436338 -7.579446 6.420211
2.564566 -8.276394 5.394500
2.692795 -8.843687 4.284784
2.821023 -9.274835 3.108669
2.949251 -9.564970 1.884556
3.077480 -9.710849 0.631416
3.205708 -9.710848 -0.631436
3.333936 -9.564967 -1.884575
3.462164 -9.274829 -3.108687
3.590393 -8.843679 -4.284802
3.718621 -8.276384 -5.394516
3.846849 -7.579434 -6.420227
3.975077 -6.760940 -7.345353
4.103306 -5.830636 -8.154569
4.231534 -4.799880 -8.834029
4.359762 -3.681651 -9.371595
4.487991 -2.490550 -9.757065
4.616219 -1.242800 -9.982404
4.744447 0.043751 -10.041964
4.872675 1.349635 -9.932722
5.000904 2.653761 -9.654497
5.129132 3.933415 -9.210188
5.257360 5.164262 -8.605993
5.385588 6.320344 -7.851645
5.513817 7.374080 -6.960631
5.642045 8.296266 -5.950429
5.770273 9.056079 -4.842726
5.898501 9.621068 -3.663657
6.026730 9.957166 -2.444021
6.154958 10.028678 -1.219519
6.283186 9.798291 -0.030974


# Degree = 6
0.000001 10.003617 0.030992
0.128229 9.899646 1.219538
0.256458 9.651031 2.444040
0.384686 9.253112 3.663675
0.512914 8.706582 4.842744
0.641142 8.016796 5.950445
0.769371 7.193115 6.960646
0.897599 6.248288 7.851658
1.025827 5.197853 8.606004
1.154055 4.059579 9.210196
1.282284 2.852936 9.654503
1.410512 1.598594 9.932725
1.538740 0.317954 10.041965
1.666969 -0.967284 9.982402
1.795197 -2.235531 9.757061
1.923425 -3.465681 9.371587
2.051653 -4.637456 8.834019
2.179882 -5.731716 8.154557
2.308110 -6.730740 7.345339
2.436338 -7.618478 6.420211
2.564566 -8.380766 5.394500
2.692795 -9.005514 4.284784
2.821023 -9.482865 3.108669
2.949251 -9.805315 1.884556
3.077480 -9.967811 0.631416
3.205708 -9.967809 -0.631436
3.333936 -9.805311 -1.884575
3.462164 -9.482858 -3.108687
3.590393 -9.005505 -4.284802
3.718621 -8.380755 -5.394516
3.846849 -7.618465 -6.420227
3.975077 -6.730725 -7.345353
4.103306 -5.731699 -8.154569
4.231534 -4.637438 -8.834029
4.359762 -3.465662 -9.371595
4.487991 -2.235511 -9.757065
4.616219 -0.967264 -9.982404
4.744447 0.317974 -10.041964
4.872675 1.598614 -9.932722
5.000904 2.852956 -9.654497
5.129132 4.059597 -9.210188
5.257360 5.197870 -8.605993
5.385588 6.248303 -7.851645
5.513817 7.193129 -6.960631
5.642045 8.016807 -5.950429
5.770273 8.706592 -4.842726
5.898501 9.253120 -3.663657
6.026730 9.651036 -2.444021
6.154958 9.899649 -1.219519
6.283186 10.003618 -0.030974


# Degree = 7
0.000001 10.003617 -0.000313
0.128229 9.899646 1.283222
0.256458 9.651031 2.540878
0.384686 9.253112 3.754932
0.512914 8.706582 4.907133
0.641142 8.016796 5.979385
0.769371 7.193115 6.954348
0.897599 6.248288 7.815946
1.025827 5.197853 8.549794
1.154055 4.059579 9.143549
1.282284 2.852936 9.587189
1.410512 1.598594 9.873215
1.538740 0.317954 9.996799
1.666969 -0.967284 9.955860
1.795197 -2.235531 9.751090
1.923425 -3.465681 9.385926
2.051653 -4.637456 8.866476
2.179882 -5.731716 8.201391
2.308110 -6.730740 7.401710
2.436338 -7.618478 6.480663
2.564566 -8.380766 5.453439
2.692795 -9.005514 4.336936
2.821023 -9.482865 3.149476
2.949251 -9.805315 1.910513
3.077480 -9.967811 0.640320
3.205708 -9.967809 -0.640340
3.333936 -9.805311 -1.910533
3.462164 -9.482858 -3.149495
3.590393 -9.005505 -4.336954
3.718621 -8.380755 -5.453456
3.846849 -7.618465 -6.480678
3.975077 -6.730725 -7.401724
4.103306 -5.731699 -8.201402
4.231534 -4.637438 -8.866485
4.359762 -3.465662 -9.385933
4.487991 -2.235511 -9.751094
4.616219 -0.967264 -9.955862
4.744447 0.317974 -9.996798
4.872675 1.598614 -9.873212
5.000904 2.852956 -9.587183
5.129132 4.059597 -9.143541
5.257360 5.197870 -8.549783
5.385588 6.248303 -7.815933
5.513817 7.193129 -6.954334
5.642045 8.016807 -5.979369
5.770273 8.706592 -4.907115
5.898501 9.253120 -3.754914
6.026730 9.651036 -2.540858
6.154958 9.899649 -1.283202
6.283186 10.003618 0.000333


# Degree = 8
0.000001 9.999978 -0.000313
0.128229 9.918859 1.283222
0.256458 9.673729 2.540878
0.384686 9.269436 3.754932
0.512914 8.713018 4.907133
0.641142 8.013748 5.979385
0.769371 7.183102 6.954348
0.897599 6.234649 7.815946
1.025827 5.183878 8.549794
1.154055 4.047972 9.143549
1.282284 2.845536 9.587189
1.410512 1.596294 9.873215
1.538740 0.320764 9.996799
1.666969 -0.960089 9.955860
1.795197 -2.225203 9.751090
1.923425 -3.453776 9.385926
2.051653 -4.625609 8.866476
2.179882 -5.721444 8.201391
2.308110 -6.723280 7.401710
2.436338 -7.614672 6.480663
2.564566 -8.380995 5.453439
2.692795 -9.009685 4.336936
2.821023 -9.490440 3.149476
2.949251 -9.815383 1.910513
3.077480 -9.979195 0.640320
3.205708 -9.979194 -0.640340
3.333936 -9.815379 -1.910533
3.462164 -9.490433 -3.149495
3.590393 -9.009677 -4.336954
3.718621 -8.380984 -5.453456
3.846849 -7.614659 -6.480678
3.975077 -6.723265 -7.401724
4.103306 -5.721427 -8.201402
4.231534 -4.625592 -8.866485
4.359762 -3.453758 -9.385933
4.487991 -2.225184 -9.751094
4.616219 -0.960069 -9.955862
4.744447 0.320784 -9.996798
4.872675 1.596314 -9.873212
5.000904 2.845555 -9.587183
5.129132 4.047991 -9.143541
5.257360 5.183896 -8.549783
5.385588 6.234665 -7.815934
5.513817 7.183116 -6.954334
5.642045 8.013760 -5.979369
5.770273 8.713028 -4.907115
5.898501 9.269444 -3.754914
6.026730 9.673734 -2.540858
6.154958 9.918862 -1.283202
6.283186 9.999978 0.000333


# Degree = 9
0.000001 9.999978 0.000011
0.128229 9.918860 1.278585
0.256458 9.673729 2.536416
0.384686 9.269436 3.752646
0.512914 8.713018 4.907223
0.641142 8.013748 5.981174
0.769371 7.183102 6.956877
0.897599 6.234649 7.818332
1.025827 5.183878 8.551414
1.154055 4.047972 9.144094
1.282284 2.845536 9.586643
1.410512 1.596294 9.871793
1.538740 0.320764 9.994856
1.666969 -0.960088 9.953803
1.795197 -2.225203 9.749304
1.923425 -3.453776 9.384714
2.051653 -4.625609 8.866018
2.179882 -5.721444 8.201735
2.308110 -6.723280 7.402776
2.436338 -7.614672 6.482263
2.564566 -8.380995 5.455315
2.692795 -9.009685 4.338797
2.821023 -9.490440 3.151043
2.949251 -9.815383 1.911555
3.077480 -9.979195 0.640685
3.205708 -9.979194 -0.640705
3.333936 -9.815379 -1.911575
3.462164 -9.490433 -3.151062
3.590393 -9.009676 -4.338815
3.718621 -8.380984 -5.455332
3.846849 -7.614659 -6.482279
3.975077 -6.723265 -7.402790
4.103306 -5.721427 -8.201747
4.231534 -4.625592 -8.866028
4.359762 -3.453758 -9.384721
4.487991 -2.225184 -9.749309
4.616219 -0.960069 -9.953805
4.744447 0.320784 -9.994855
4.872675 1.596314 -9.871790
5.000904 2.845555 -9.586638
5.129132 4.047991 -9.144085
5.257360 5.183896 -8.551403
5.385588 6.234665 -7.818320
5.513817 7.183116 -6.956862
5.642045 8.013760 -5.981158
5.770273 8.713028 -4.907206
5.898501 9.269444 -3.752628
6.026730 9.673733 -2.536397
6.154958 9.918862 -1.278565
6.283186 9.999978 0.000009


# Degree = 10
0.000001 10.000000 0.000011
0.128229 9.917858 1.278583
0.256458 9.672920 2.536415
0.384686 9.269159 3.752646
0.512914 8.713189 4.907224
0.641142 8.014139 5.981175
0.769371 7.183492 6.956878
0.897599 6.234890 7.818333
1.025827 5.183913 8.551414
1.154055 4.047820 9.144093
1.282284 2.845263 9.586643
1.410512 1.595988 9.871793
1.538740 0.320507 9.994855
1.666969 -0.960237 9.953803
1.795197 -2.225216 9.749304
1.923425 -3.453658 9.384714
2.051653 -4.625391 8.866019
2.179882 -5.721176 8.201736
2.308110 -6.723019 7.402777
2.436338 -7.614469 6.482264
2.564566 -8.380889 5.455316
2.692795 -9.009694 4.338797
2.821023 -9.490560 3.151043
2.949251 -9.815592 1.911555
3.077480 -9.979452 0.640684
3.205708 -9.979451 -0.640705
3.333936 -9.815588 -1.911575
3.462164 -9.490554 -3.151062
3.590393 -9.009686 -4.338815
3.718621 -8.380878 -5.455332
3.846849 -7.614456 -6.482278
3.975077 -6.723004 -7.402789
4.103306 -5.721160 -8.201746
4.231534 -4.625373 -8.866027
4.359762 -3.453639 -9.384721
4.487991 -2.225196 -9.749309
4.616219 -0.960217 -9.953805
4.744447 0.320528 -9.994856
4.872675 1.596008 -9.871791
5.000904 2.845282 -9.586638
5.129132 4.047838 -9.144086
5.257360 5.183930 -8.551403
5.385588 6.234905 -7.818320
5.513817 7.183505 -6.956862
5.642045 8.014151 -5.981157
5.770273 8.713199 -4.907206
5.898501 9.269166 -3.752628
6.026730 9.672925 -2.536398
6.154958 9.917861 -1.278567
6.283186 10.000000 0.000009


# Degree = 11
0.000001 10.000000 0.000010
0.128229 9.917836 1.278800
0.256458 9.672904 2.536567
0.384686 9.269155 3.752682
0.512914 8.713193 4.907181
0.641142 8.014146 5.981109
0.769371 7.183496 6.956830
0.897599 6.234891 7.818320
1.025827 5.183911 8.551434
1.154055 4.047816 9.144132
1.282284 2.845259 9.586683
1.410512 1.595985 9.871821
1.538740 0.320507 9.994863
1.666969 -0.960236 9.953789
1.795197 -2.225213 9.749276
1.923425 -3.453654 9.384679
2.051653 -4.625388 8.865987
2.179882 -5.721174 8.201716
2.308110 -6.723018 7.402773
2.436338 -7.614470 6.482277
2.564566 -8.380891 5.455342
2.692795 -9.009697 4.338830
2.821023 -9.490563 3.151074
2.949251 -9.815594 1.911577
3.077480 -9.979453 0.640693
3.205708 -9.979450 -0.640712
3.333936 -9.815586 -1.911597
3.462164 -9.490551 -3.151093
3.590393 -9.009682 -4.338848
3.718621 -8.380875 -5.455358
3.846849 -7.614455 -6.482292
3.975077 -6.723004 -7.402787
4.103306 -5.721161 -8.201728
4.231534 -4.625377 -8.865997
4.359762 -3.453642 -9.384686
4.487991 -2.225199 -9.749280
4.616219 -0.960218 -9.953791
4.744447 0.320528 -9.994862
4.872675 1.596011 -9.871817
5.000904 2.845286 -9.586677
5.129132 4.047842 -9.144124
5.257360 5.183932 -8.551424
5.385588 6.234904 -7.818308
5.513817 7.183501 -6.956816
5.642045 8.014145 -5.981094
5.770273 8.713195 -4.907164
5.898501 9.269170 -3.752663
6.026730 9.672940 -2.536547
6.154958 9.917882 -1.278778
6.283186 10.000000 0.000010


# Degree = 12
0.000001 9.999974 0.000079
0.128229 9.932103 1.240093
0.256458 9.682011 2.511863
0.384686 9.270839 3.748116
0.512914 8.710751 4.913806
0.641142 8.011117 5.989321
0.769371 7.181871 6.961234
0.897599 6.235053 7.817879
1.025827 5.185242 8.547824
1.154055 4.049379 9.139895
1.282284 2.846291 9.583887
1.410512 1.596134 9.871424
1.538740 0.319838 9.996680
1.666969 -0.961362 9.956846
1.795197 -2.226332 9.752310
1.923425 -3.454369 9.386614
2.051653 -4.625483 8.866238
2.179882 -5.720655 8.200301
2.308110 -6.722084 7.400233
2.436338 -7.613432 6.479458
2.564566 -8.380073 5.453124
2.692795 -9.009343 4.337872
2.821023 -9.490770 3.151642
2.949251 -9.816295 1.913487
3.077480 -9.980439 0.643374
3.205708 -9.980431 -0.638048
3.333936 -9.816272 -1.909737
3.462164 -9.490734 -3.150600
3.590393 -9.009298 -4.339897
3.718621 -8.380025 -5.457672
3.846849 -7.613386 -6.485197
3.975077 -6.722046 -7.405390
4.103306 -5.720629 -8.203171
4.231534 -4.625472 -8.865732
4.359762 -3.454374 -9.382694
4.487991 -2.226350 -9.746149
4.616219 -0.961387 -9.950613
4.744447 0.319813 -9.992919
4.872675 1.596118 -9.872112
5.000904 2.846294 -9.589422
5.129132 4.049407 -9.148381
5.257360 5.185297 -8.555135
5.385588 6.235130 -7.818920
5.513817 7.181955 -6.952610
5.642045 8.011182 -5.973037
5.770273 8.710767 -4.900563
5.898501 9.270779 -3.757040
6.026730 9.681875 -2.560841
6.154958 9.931951 -1.317025
6.283186 9.999984 0.000053


# Degree = 13
0.000001 10.000000 0.000010
0.128229 9.917735 1.278795
0.256458 9.672839 2.536563
0.384686 9.269142 3.752681
0.512914 8.713211 4.907182
0.641142 8.014169 5.981111
0.769371 7.183509 6.956832
0.897599 6.234891 7.818322
1.025827 5.183902 8.551434
1.154055 4.047804 9.144131
1.282284 2.845250 9.586681
1.410512 1.595983 9.871819
1.538740 0.320510 9.994862
1.666969 -0.960228 9.953790
1.795197 -2.225205 9.749277
1.923425 -3.453648 9.384681
2.051653 -4.625386 8.865989
2.179882 -5.721176 8.201718
2.308110 -6.723024 7.402774
2.436338 -7.614477 6.482277
2.564566 -8.380898 5.455340
2.692795 -9.009701 4.338828
2.821023 -9.490563 3.151072
2.949251 -9.815590 1.911576
3.077480 -9.979447 0.640692
3.205708 -9.979444 -0.640712
3.333936 -9.815581 -1.911596
3.462164 -9.490549 -3.151091
3.590393 -9.009684 -4.338846
3.718621 -8.380880 -5.455357
3.846849 -7.614461 -6.482291
3.975077 -6.723010 -7.402787
4.103306 -5.721165 -8.201729
4.231534 -4.625377 -8.865998
4.359762 -3.453638 -9.384688
4.487991 -2.225192 -9.749281
4.616219 -0.960211 -9.953792
4.744447 0.320533 -9.994861
4.872675 1.596011 -9.871816
5.000904 2.845280 -9.586675
5.129132 4.047832 -9.144122
5.257360 5.183924 -8.551423
5.385588 6.234903 -7.818309
5.513817 7.183510 -6.956818
5.642045 8.014163 -5.981096
5.770273 8.713210 -4.907166
5.898501 9.269160 -3.752662
6.026730 9.672883 -2.536542
6.154958 9.917791 -1.278772
6.283186 10.000000 0.000010


# Degree = 14
0.000001 10.000000 0.000010
0.128229 9.917951 1.278772
0.256458 9.672980 2.536548
0.384686 9.269170 3.752677
0.512914 8.713173 4.907187
0.641142 8.014118 5.981117
0.769371 7.183479 6.956835
0.897599 6.234890 7.818322
1.025827 5.183922 8.551431
1.154055 4.047831 9.144128
1.282284 2.845271 9.586679
1.410512 1.595991 9.871818
1.538740 0.320504 9.994863
1.666969 -0.960245 9.953792
1.795197 -2.225224 9.749279
1.923425 -3.453664 9.384683
2.051653 -4.625393 8.865990
2.179882 -5.721174 8.201717
2.308110 -6.723013 7.402772
2.436338 -7.614462 6.482274
2.564566 -8.380882 5.455338
2.692795 -9.009690 4.338826
2.821023 -9.490560 3.151071
2.949251 -9.815595 1.911577
3.077480 -9.979458 0.640694
3.205708 -9.979457 -0.640710
3.333936 -9.815593 -1.911594
3.462164 -9.490556 -3.151090
3.590393 -9.009684 -4.338846
3.718621 -8.380873 -5.455358
3.846849 -7.614450 -6.482294
3.975077 -6.722998 -7.402789
4.103306 -5.721156 -8.201731
4.231534 -4.625373 -8.865999
4.359762 -3.453643 -9.384687
4.487991 -2.225203 -9.749279
4.616219 -0.960225 -9.953789
4.744447 0.320523 -9.994859
4.872675 1.596008 -9.871815
5.000904 2.845288 -9.586677
5.129132 4.047848 -9.144126
5.257360 5.183939 -8.551427
5.385588 6.234907 -7.818310
5.513817 7.183495 -6.956815
5.642045 8.014132 -5.981088
5.770273 8.713183 -4.907159
5.898501 9.269177 -3.752666
6.026730 9.672986 -2.536569
6.154958 9.917958 -1.278816
6.283186 10.000000 0.000010


# Degree = 15
0.000001 10.000000 0.000010
0.128229 9.917877 1.278750
0.256458 9.672933 2.536535
0.384686 9.269162 3.752675
0.512914 8.713185 4.907190
0.641142 8.014134 5.981120
0.769371 7.183488 6.956837
0.897599 6.234890 7.818321
1.025827 5.183916 8.551430
1.154055 4.047823 9.144127
1.282284 2.845266 9.586679
1.410512 1.595989 9.871819
1.538740 0.320506 9.994863
1.666969 -0.960240 9.953792
1.795197 -2.225219 9.749279
1.923425 -3.453660 9.384683
2.051653 -4.625392 8.865989
2.179882 -5.721175 8.201716
2.308110 -6.723016 7.402772
2.436338 -7.614466 6.482275
2.564566 -8.380887 5.455339
2.692795 -9.009693 4.338827
2.821023 -9.490561 3.151073
2.949251 -9.815594 1.911577
3.077480 -9.979455 0.640693
3.205708 -9.979453 -0.640711
3.333936 -9.815589 -1.911595
3.462164 -9.490554 -3.151091
3.590393 -9.009684 -4.338847
3.718621 -8.380875 -5.455358
3.846849 -7.614453 -6.482293
3.975077 -6.723002 -7.402788
4.103306 -5.721159 -8.201729
4.231534 -4.625375 -8.865998
4.359762 -3.453642 -9.384687
4.487991 -2.225199 -9.749281
4.616219 -0.960220 -9.953791
4.744447 0.320527 -9.994861
4.872675 1.596009 -9.871816
5.000904 2.845285 -9.586676
5.129132 4.047841 -9.144123
5.257360 5.183932 -8.551423
5.385588 6.234905 -7.818309
5.513817 7.183502 -6.956818
5.642045 8.014147 -5.981096
5.770273 8.713197 -4.907166
5.898501 9.269168 -3.752661
6.026730 9.672927 -2.536537
6.154958 9.917859 -1.278761
6.283186 10.000000 0.000010


