# t x y
# Degree = 3
0.000000 13.400832 -0.978782
0.128228 11.758909 1.138348
0.256457 10.185400 2.995830
0.384685 8.680304 4.604714
0.512913 7.243622 5.976048
0.641141 5.875352 7.120881
0.769370 4.575497 8.050262
0.897598 3.344055 8.775239
1.025826 2.181026 9.306862
1.154054 1.086411 9.656180
1.282283 0.060209 9.834241
1.410511 -0.897579 9.852093
1.538739 -1.786954 9.720787
1.666968 -2.607916 9.451370
1.795196 -3.360464 9.054891
1.923424 -4.044598 8.542400
2.051652 -4.660319 7.924945
2.179881 -5.207627 7.213575
2.308109 -5.686521 6.419339
2.436337 -6.097002 5.553286
2.564565 -6.439069 4.626464
2.692794 -6.712723 3.649922
2.821022 -6.917963 2.634709
2.949250 -7.054790 1.591874
3.077479 -7.123204 0.532466
3.205707 -7.123204 -0.532466
3.333935 -7.054790 -1.591874
3.462163 -6.917963 -2.634709
3.590392 -6.712723 -3.649922
3.718620 -6.439069 -4.626464
3.846848 -6.097002 -5.553286
3.975076 -5.686521 -6.419339
4.103305 -5.207627 -7.213575
4.231533 -4.660319 -7.924945
4.359761 -4.044598 -8.542400
4.487990 -3.360464 -9.054891
4.616218 -2.607916 -9.451370
4.744446 -1.786954 -9.720787
4.872674 -0.897579 -9.852093
5.000903 0.060209 -9.834241
5.129131 1.086411 -9.656180
5.257359 2.181026 -9.306862
5.385587 3.344055 -8.775239
5.513816 4.575497 -8.050262
5.642044 5.875352 -7.120881
5.770272 7.243622 -5.976048
5.898500 8.680304 -4.604714
6.026729 10.185400 -2.995830
6.154957 11.758909 -1.138348
6.283185 13.400832 0.978782


# Degree = 4
0.000000 9.798294 -0.978782
0.128228 10.028679 1.138348
0.256457 9.957164 2.995830
0.384685 9.621065 4.604714
0.512913 9.056073 5.976048
0.641141 8.296260 7.120881
0.769370 7.374072 8.050262
0.897598 6.320336 8.775239
1.025826 5.164253 9.306862
1.154054 3.933405 9.656180
1.282283 2.653750 9.834241
1.410511 1.349624 9.852093
1.538739 0.043740 9.720787
1.666968 -1.242810 9.451370
1.795196 -2.490559 9.054891
1.923424 -3.681660 8.542400
2.051652 -4.799889 7.924945
2.179881 -5.830644 7.213575
2.308109 -6.760946 6.419339
2.436337 -7.579440 5.553286
2.564565 -8.276389 4.626464
2.692794 -8.843683 3.649922
2.821022 -9.274832 2.634709
2.949250 -9.564969 1.591874
3.077479 -9.710848 0.532466
3.205707 -9.710848 -0.532466
3.333935 -9.564969 -1.591874
3.462163 -9.274832 -2.634709
3.590392 -8.843683 -3.649922
3.718620 -8.276389 -4.626464
3.846848 -7.579440 -5.553286
3.975076 -6.760946 -6.419339
4.103305 -5.830644 -7.213575
4.231533 -4.799889 -7.924945
4.359761 -3.681660 -8.542400
4.487990 -2.490559 -9.054891
4.616218 -1.242810 -9.451370
4.744446 0.043740 -9.720787
4.872674 1.349624 -9.852093
5.000903 2.653750 -9.834241
5.129131 3.933405 -9.656180
5.257359 5.164253 -9.306862
5.385587 6.320336 -8.775239
5.513816 7.374072 -8.050262
5.642044 8.296260 -7.120881
5.770272 9.056073 -5.976048
5.898500 9.621065 -4.604714
6.026729 9.957164 -2.995830
6.154957 10.028679 -1.138348
6.283185 9.798294 0.978782


# Degree = 5
0.000000 9.798294 0.030983
0.128228 10.028679 1.219528
0.256457 9.957164 2.444031
0.384685 9.621065 3.663666
0.512913 9.056073 4.842735
0.641141 8.296260 5.950437
0.769370 7.374072 6.960639
0.897598 6.320336 7.851651
1.025826 5.164253 8.605999
1.154054 3.933405 9.210192
1.282283 2.653750 9.654500
1.410511 1.349624 9.932723
1.538739 0.043740 10.041965
1.666968 -1.242810 9.982403
1.795196 -2.490559 9.757063
1.923424 -3.681660 9.371591
2.051652 -4.799889 8.834024
2.179881 -5.830644 8.154563
2.308109 -6.760946 7.345346
2.436337 -7.579440 6.420219
2.564565 -8.276389 5.394508
2.692794 -8.843683 4.284793
2.821022 -9.274832 3.108678
2.949250 -9.564969 1.884565
3.077479 -9.710848 0.631426
3.205707 -9.710848 -0.631426
3.333935 -9.564969 -1.884565
3.462163 -9.274832 -3.108678
3.590392 -8.843683 -4.284793
3.718620 -8.276389 -5.394508
3.846848 -7.579440 -6.420219
3.975076 -6.760946 -7.345346
4.103305 -5.830644 -8.154563
4.231533 -4.799889 -8.834024
4.359761 -3.681660 -9.371591
4.487990 -2.490559 -9.757063
4.616218 -1.242810 -9.982403
4.744446 0.043740 -10.041965
4.872674 1.349624 -9.932723
5.000903 2.653750 -9.654500
5.129131 3.933405 -9.210192
5.257359 5.164253 -8.605999
5.385587 6.320336 -7.851651
5.513816 7.374072 -6.960639
5.642044 8.296260 -5.950437
5.770272 9.056073 -4.842735
5.898500 9.621065 -3.663666
6.026729 9.957164 -2.444031
6.154957 10.028679 -1.219528
6.283185 9.798294 -0.030983


# Degree = 6
0.000000 10.003618 0.030983
0.128228 9.899648 1.219528
0.256457 9.651033 2.444031
0.384685 9.253116 3.663666
0.512913 8.706587 4.842735
0.641141 8.016801 5.950437
0.769370 7.193122 6.960639
0.897598 6.248295 7.851651
1.025826 5.197861 8.605999
1.154054 4.059588 9.210192
1.282283 2.852946 9.654500
1.410511 1.598604 9.932723
1.538739 0.317964 10.041965
1.666968 -0.967274 9.982403
1.795196 -2.235521 9.757063
1.923424 -3.465671 9.371591
2.051652 -4.637447 8.834024
2.179881 -5.731708 8.154563
2.308109 -6.730733 7.345346
2.436337 -7.618471 6.420219
2.564565 -8.380760 5.394508
2.692794 -9.005510 4.284793
2.821022 -9.482861 3.108678
2.949250 -9.805313 1.884565
3.077479 -9.967810 0.631426
3.205707 -9.967810 -0.631426
3.333935 -9.805313 -1.884565
3.462163 -9.482861 -3.108678
3.590392 -9.005510 -4.284793
3.718620 -8.380760 -5.394508
3.846848 -7.618471 -6.420219
3.975076 -6.730733 -7.345346
4.103305 -5.731708 -8.154563
4.231533 -4.637447 -8.834024
4.359761 -3.465671 -9.371591
4.487990 -2.235521 -9.757063
4.616218 -0.967274 -9.982403
4.744446 0.317964 -10.041965
4.872674 1.598604 -9.932723
5.000903 2.852946 -9.654500
5.129131 4.059588 -9.210192
5.257359 5.197861 -8.605999
5.385587 6.248295 -7.851651
5.513816 7.193122 -6.960639
5.642044 8.016801 -5.950437
5.770272 8.706587 -4.842735
5.898500 9.253116 -3.663666
6.026729 9.651033 -2.444031
6.154957 9.899648 -1.219528
6.283185 10.003618 -0.030983


# Degree = 7
0.000000 10.003618 -0.000323
0.128228 9.899648 1.283212
0.256457 9.651033 2.540868
0.384685 9.253116 3.754923
0.512913 8.706587 4.907124
0.641141 8.016801 5.979377
0.769370 7.193122 6.954341
0.897598 6.248295 7.815940
1.025826 5.197861 8.549789
1.154054 4.059588 9.143545
1.282283 2.852946 9.587186
1.410511 1.598604 9.873214
1.538739 0.317964 9.996799
1.666968 -0.967274 9.955861
1.795196 -2.235521 9.751092
1.923424 -3.465671 9.385930
2.051652 -4.637447 8.866481
2.179881 -5.731708 8.201397
2.308109 -6.730733 7.401717
2.436337 -7.618471 6.480670
2.564565 -8.380760 5.453448
2.692794 -9.005510 4.336945
2.821022 -9.482861 3.149485
2.949250 -9.805313 1.910523
3.077479 -9.967810 0.640330
3.205707 -9.967810 -0.640330
3.333935 -9.805313 -1.910523
3.462163 -9.482861 -3.149485
3.590392 -9.005510 -4.336945
3.718620 -8.380760 -5.453448
3.846848 -7.618471 -6.480670
3.975076 -6.730733 -7.401717
4.103305 -5.731708 -8.201397
4.231533 -4.637447 -8.866481
4.359761 -3.465671 -9.385930
4.487990 -2.235521 -9.751092
4.616218 -0.967274 -9.955861
4.744446 0.317964 -9.996799
4.872674 1.598604 -9.873214
5.000903 2.852946 -9.587186
5.129131 4.059588 -9.143545
5.257359 5.197861 -8.549789
5.385587 6.248295 -7.815940
5.513816 7.193122 -6.954341
5.642044 8.016801 -5.979377
5.770272 8.706587 -4.907124
5.898500 9.253116 -3.754923
6.026729 9.651033 -2.540868
6.154957 9.899648 -1.283212
6.283185 10.003618 0.000323


# Degree = 8
0.000000 9.999978 -0.000323
0.128228 9.918861 1.283212
0.256457 9.673731 2.540868
0.384685 9.269440 3.754923
0.512913 8.713023 4.907124
0.641141 8.013754 5.979377
0.769370 7.183109 6.954341
0.897598 6.234657 7.815940
1.025826 5.183887 8.549788
1.154054 4.047981 9.143545
1.282283 2.845545 9.587186
1.410511 1.596304 9.873214
1.538739 0.320774 9.996799
1.666968 -0.960079 9.955861
1.795196 -2.225194 9.751092
1.923424 -3.453767 9.385930
2.051652 -4.625601 8.866481
2.179881 -5.721436 8.201397
2.308109 -6.723273 7.401717
2.436337 -7.614665 6.480670
2.564565 -8.380990 5.453448
2.692794 -9.009681 4.336945
2.821022 -9.490436 3.149485
2.949250 -9.815381 1.910523
3.077479 -9.979195 0.640330
3.205707 -9.979195 -0.640330
3.333935 -9.815381 -1.910523
3.462163 -9.490436 -3.149485
3.590392 -9.009681 -4.336945
3.718620 -8.380990 -5.453448
3.846848 -7.614665 -6.480670
3.975076 -6.723273 -7.401717
4.103305 -5.721436 -8.201397
4.231533 -4.625601 -8.866481
4.359761 -3.453767 -9.385930
4.487990 -2.225194 -9.751092
4.616218 -0.960079 -9.955861
4.744446 0.320774 -9.996799
4.872674 1.596304 -9.873214
5.000903 2.845545 -9.587186
5.129131 4.047981 -9.143545
5.257359 5.183887 -8.549789
5.385587 6.234657 -7.815940
5.513816 7.183109 -6.954341
5.642044 8.013754 -5.979377
5.770272 8.713023 -4.907124
5.898500 9.269440 -3.754923
6.026729 9.673731 -2.540868
6.154957 9.918861 -1.283211
6.283185 9.999978 0.000323


# Degree = 9
0.000000 9.999975 0.000002
0.128228 9.918859 1.278575
0.256457 9.673730 2.536407
0.384685 9.269439 3.752637
0.512913 8.713023 4.907215
0.641141 8.013754 5.981166
0.769370 7.183109 6.956870
0.897598 6.234657 7.818326
1.025826 5.183887 8.551408
1.154054 4.047982 9.144090
1.282283 2.845546 9.586640
1.410511 1.596304 9.871792
1.538739 0.320774 9.994855
1.666968 -0.960079 9.953804
1.795196 -2.225194 9.749307
1.923424 -3.453767 9.384718
2.051652 -4.625601 8.866023
2.179881 -5.721436 8.201741
2.308109 -6.723273 7.402783
2.436337 -7.614665 6.482271
2.564565 -8.380990 5.455324
2.692794 -9.009681 4.338806
2.821022 -9.490436 3.151053
2.949250 -9.815381 1.911565
3.077479 -9.979195 0.640695
3.205707 -9.979195 -0.640695
3.333935 -9.815381 -1.911565
3.462163 -9.490436 -3.151053
3.590392 -9.009681 -4.338806
3.718620 -8.380990 -5.455324
3.846848 -7.614665 -6.482271
3.975076 -6.723273 -7.402783
4.103305 -5.721436 -8.201741
4.231533 -4.625601 -8.866023
4.359761 -3.453767 -9.384718
4.487990 -2.225194 -9.749307
4.616218 -0.960079 -9.953804
4.744446 0.320774 -9.994855
4.872674 1.596304 -9.871792
5.000903 2.845545 -9.586640
5.129131 4.047982 -9.144089
5.257359 5.183887 -8.551408
5.385587 6.234657 -7.818326
5.513816 7.183109 -6.956870
5.642044 8.013754 -5.981166
5.770272 8.713023 -4.907215
5.898500 9.269440 -3.752637
6.026729 9.673731 -2.536406
6.154957 9.918861 -1.278575
6.283185 9.999978 -0.000001


# Degree = 10
0.000000 9.999955 -0.000060
0.128228 9.917836 1.278558
0.256457 9.672912 2.536406
0.384685 9.269160 3.752641
0.512913 8.713195 4.907217
0.641141 8.014148 5.981165
0.769370 7.183501 6.956867
0.897598 6.234899 7.818323
1.025826 5.183922 8.551406
1.154054 4.047828 9.144088
1.282283 2.845272 9.586641
1.410511 1.595997 9.871793
1.538739 0.320517 9.994857
1.666968 -0.960228 9.953806
1.795196 -2.225206 9.749308
1.923424 -3.453648 9.384718
2.051652 -4.625382 8.866023
2.179881 -5.721167 8.201740
2.308109 -6.723011 7.402782
2.436337 -7.614462 6.482270
2.564565 -8.380883 5.455323
2.692794 -9.009690 4.338805
2.821022 -9.490557 3.151052
2.949250 -9.815590 1.911565
3.077479 -9.979452 0.640695
3.205707 -9.979452 -0.640694
3.333935 -9.815590 -1.911564
3.462163 -9.490557 -3.151052
3.590392 -9.009690 -4.338806
3.718620 -8.380883 -5.455324
3.846848 -7.614462 -6.482271
3.975076 -6.723011 -7.402784
4.103305 -5.721167 -8.201742
4.231533 -4.625382 -8.866024
4.359761 -3.453648 -9.384719
4.487990 -2.225206 -9.749307
4.616218 -0.960227 -9.953804
4.744446 0.320517 -9.994855
4.872674 1.595998 -9.871791
5.000903 2.845272 -9.586639
5.129131 4.047828 -9.144089
5.257359 5.183922 -8.551408
5.385587 6.234898 -7.818327
5.513816 7.183499 -6.956871
5.642044 8.014146 -5.981167
5.770272 8.713194 -4.907216
5.898500 9.269162 -3.752636
6.026729 9.672921 -2.536403
6.154957 9.917858 -1.278571
6.283185 10.000000 -0.000001


# Degree = 11
0.000000 9.999723 0.000197
0.128228 9.917786 1.278881
0.256457 9.672918 2.536591
0.384685 9.269169 3.752678
0.512913 8.713194 4.907168
0.641141 8.014138 5.981095
0.769370 7.183490 6.956818
0.897598 6.234892 7.818313
1.025826 5.183921 8.551430
1.154054 4.047832 9.144131
1.282283 2.845278 9.586683
1.410511 1.596004 9.871821
1.538739 0.320522 9.994863
1.666968 -0.960226 9.953790
1.795196 -2.225208 9.749277
1.923424 -3.453652 9.384681
2.051652 -4.625387 8.865991
2.179881 -5.721172 8.201721
2.308109 -6.723014 7.402779
2.436337 -7.614463 6.482284
2.564565 -8.380882 5.455350
2.692794 -9.009687 4.338839
2.821022 -9.490553 3.151084
2.949250 -9.815586 1.911588
3.077479 -9.979449 0.640703
3.205707 -9.979450 -0.640702
3.333935 -9.815590 -1.911587
3.462163 -9.490559 -3.151084
3.590392 -9.009693 -4.338839
3.718620 -8.380887 -5.455351
3.846848 -7.614465 -6.482285
3.975076 -6.723013 -7.402780
4.103305 -5.721167 -8.201722
4.231533 -4.625380 -8.865992
4.359761 -3.453645 -9.384682
4.487990 -2.225203 -9.749277
4.616218 -0.960225 -9.953790
4.744446 0.320518 -9.994862
4.872674 1.595997 -9.871819
5.000903 2.845269 -9.586681
5.129131 4.047825 -9.144129
5.257359 5.183919 -8.551429
5.385587 6.234898 -7.818315
5.513816 7.183502 -6.956823
5.642044 8.014151 -5.981101
5.770272 8.713199 -4.907172
5.898500 9.269160 -3.752672
6.026729 9.672907 -2.536558
6.154957 9.917837 -1.278790
6.283185 10.000000 0.000000


# Degree = 12
0.000000 10.000271 -0.000660
0.128228 9.918052 1.278428
0.256457 9.673016 2.536408
0.384685 9.269184 3.752645
0.512913 8.713179 4.907198
0.641141 8.014121 5.981136
0.769370 7.183481 6.956846
0.897598 6.234892 7.818320
1.025826 5.183926 8.551421
1.154054 4.047838 9.144114
1.282283 2.845282 9.586667
1.410511 1.596005 9.871810
1.538739 0.320519 9.994861
1.666968 -0.960229 9.953795
1.795196 -2.225211 9.749286
1.923424 -3.453654 9.384692
2.051652 -4.625387 8.865999
2.179881 -5.721170 8.201726
2.308109 -6.723011 7.402779
2.436337 -7.614460 6.482280
2.564565 -8.380880 5.455344
2.692794 -9.009687 4.338832
2.821022 -9.490555 3.151078
2.949250 -9.815589 1.911584
3.077479 -9.979452 0.640703
3.205707 -9.979453 -0.640700
3.333935 -9.815592 -1.911582
3.462163 -9.490559 -3.151078
3.590392 -9.009691 -4.338834
3.718620 -8.380883 -5.455347
3.846848 -7.614461 -6.482284
3.975076 -6.723010 -7.402782
4.103305 -5.721166 -8.201726
4.231533 -4.625382 -8.865996
4.359761 -3.453649 -9.384686
4.487990 -2.225207 -9.749280
4.616218 -0.960229 -9.953790
4.744446 0.320516 -9.994860
4.872674 1.595998 -9.871816
5.000903 2.845274 -9.586677
5.129131 4.047831 -9.144126
5.257359 5.183924 -8.551429
5.385587 6.234898 -7.818316
5.513816 7.183495 -6.956826
5.642044 8.014139 -5.981103
5.770272 8.713189 -4.907173
5.898500 9.269166 -3.752671
6.026729 9.672942 -2.536557
6.154957 9.917890 -1.278792
6.283185 10.000000 -0.000000


# Degree = 13
0.000000 9.998223 -0.000984
0.128228 9.917122 1.278370
0.256457 9.672693 2.536430
0.384685 9.269142 3.752669
0.512913 8.713232 4.907203
0.641141 8.014177 5.981125
0.769370 7.183509 6.956830
0.897598 6.234891 7.818308
1.025826 5.183908 8.551417
1.154054 4.047817 9.144118
1.282283 2.845267 9.586675
1.410511 1.596001 9.871819
1.538739 0.320525 9.994867
1.666968 -0.960218 9.953797
1.795196 -2.225198 9.749284
1.923424 -3.453645 9.384687
2.051652 -4.625383 8.865993
2.179881 -5.721172 8.201720
2.308109 -6.723018 7.402776
2.436337 -7.614469 6.482280
2.564565 -8.380888 5.455346
2.692794 -9.009692 4.338836
2.821022 -9.490556 3.151083
2.949250 -9.815586 1.911589
3.077479 -9.979446 0.640705
3.205707 -9.979446 -0.640699
3.333935 -9.815586 -1.911584
3.462163 -9.490556 -3.151082
3.590392 -9.009691 -4.338838
3.718620 -8.380887 -5.455351
3.846848 -7.614467 -6.482287
3.975076 -6.723016 -7.402782
4.103305 -5.721171 -8.201724
4.231533 -4.625383 -8.865993
4.359761 -3.453646 -9.384683
4.487990 -2.225202 -9.749277
4.616218 -0.960223 -9.953789
4.744446 0.320521 -9.994861
4.872674 1.595999 -9.871818
5.000903 2.845270 -9.586680
5.129131 4.047824 -9.144129
5.257359 5.183918 -8.551430
5.385587 6.234896 -7.818315
5.513816 7.183502 -6.956823
5.642044 8.014153 -5.981101
5.770272 8.713201 -4.907172
5.898500 9.269159 -3.752672
6.026729 9.672899 -2.536559
6.154957 9.917822 -1.278792
6.283185 10.000000 0.000000


# Degree = 14
0.000000 10.032221 0.028305
0.128228 9.932249 1.291441
0.256457 9.678005 2.541066
0.384685 9.270001 3.753466
0.512913 8.712556 4.906657
0.641141 8.013353 5.980425
0.769370 7.183036 6.956411
0.897598 6.234813 7.818217
1.025826 5.184083 8.551543
1.154054 4.048073 9.144321
1.282283 2.845476 9.586850
1.410511 1.596099 9.871911
1.538739 0.320508 9.994868
1.666968 -0.960315 9.953732
1.795196 -2.225326 9.749190
1.923424 -3.453756 9.384600
2.051652 -4.625447 8.865938
2.179881 -5.721177 8.201708
2.308109 -6.722972 7.402802
2.436337 -7.614393 6.482330
2.564565 -8.380808 5.455402
2.692794 -9.009631 4.338882
2.821022 -9.490529 3.151106
2.949250 -9.815598 1.911586
3.077479 -9.979489 0.640680
3.205707 -9.979506 -0.640737
3.333935 -9.815643 -1.911622
3.462163 -9.490594 -3.151109
3.590392 -9.009701 -4.338848
3.718620 -8.380866 -5.455341
3.846848 -7.614423 -6.482261
3.975076 -6.722964 -7.402751
4.103305 -5.721128 -8.201697
4.231533 -4.625364 -8.865980
4.359761 -3.453659 -9.384688
4.487990 -2.225241 -9.749298
4.616218 -0.960274 -9.953818
4.744446 0.320479 -9.994885
4.872674 1.595987 -9.871826
5.000903 2.845297 -9.586666
5.129131 4.047882 -9.144098
5.257359 5.183976 -8.551397
5.385587 6.234915 -7.818304
5.513816 7.183448 -6.956852
5.642044 8.014034 -5.981165
5.770272 8.713096 -4.907228
5.898500 9.269225 -3.752637
6.026729 9.673292 -2.536348
6.154957 9.918458 -1.278453
6.283185 10.000000 -0.000000


# Degree = 15
0.000000 10.061916 -0.128315
0.128228 9.941948 1.229355
0.256457 9.679512 2.523342
0.384685 9.269127 3.752987
0.512913 8.711690 4.910345
0.641141 8.013127 5.983158
0.769370 7.183321 6.957100
0.897598 6.235279 7.817449
1.025826 5.184457 8.550282
1.154054 4.048223 9.143311
1.282283 2.845403 9.586438
1.410511 1.595883 9.872095
1.538739 0.320259 9.995431
1.666968 -0.960507 9.954390
1.795196 -2.225409 9.749702
1.923424 -3.453724 9.384830
2.051652 -4.625330 8.865867
2.179881 -5.721027 8.201412
2.308109 -6.722839 7.402409
2.436337 -7.614315 6.481972
2.564565 -8.380800 5.455179
2.692794 -9.009686 4.338838
2.821022 -9.490622 3.151229
2.949250 -9.815695 1.911816
3.077479 -9.979561 0.640935
3.205707 -9.979531 -0.640536
3.333935 -9.815620 -1.911528
3.462163 -9.490534 -3.151137
3.590392 -9.009627 -4.338973
3.718620 -8.380807 -5.455513
3.846848 -7.614399 -6.482417
3.975076 -6.722981 -7.402840
4.103305 -5.721178 -8.201696
4.231533 -4.625424 -8.865901
4.359761 -3.453702 -9.384572
4.487990 -2.225246 -9.749198
4.616218 -0.960237 -9.953776
4.744446 0.320539 -9.994914
4.872674 1.596036 -9.871899
5.000903 2.845298 -9.586728
5.129131 4.047821 -9.144099
5.257359 5.183883 -8.551333
5.385587 6.234864 -7.818241
5.513816 7.183531 -6.956907
5.642044 8.014275 -5.981408
5.770272 8.713341 -4.907511
5.898500 9.269064 -3.752443
6.026729 9.672206 -2.534925
6.154957 9.916551 -1.275829
6.283185 10.000000 0.000000


