# t x y
# Degree = 5
0.000000 9.798294 0.030983
0.128228 10.028679 1.219528
0.256457 9.957164 2.444031
0.384685 9.621065 3.663666
0.512913 9.056073 4.842735
0.641141 8.296260 5.950437
0.769370 7.374072 6.960639
0.897598 6.320336 7.851651
1.025826 5.164253 8.605999
1.154054 3.933405 9.210192
1.282283 2.653750 9.654500
1.410511 1.349624 9.932723
1.538739 0.043740 10.041965
1.666968 -1.242810 9.982403
1.795196 -2.490559 9.757063
1.923424 -3.681660 9.371591
2.051652 -4.799889 8.834024
2.179881 -5.830644 8.154563
2.308109 -6.760946 7.345346
2.436337 -7.579440 6.420219
2.564565 -8.276389 5.394508
2.692794 -8.843683 4.284793
2.821022 -9.274832 3.108678
2.949250 -9.564969 1.884565
3.077479 -9.710848 0.631426
3.205707 -9.710848 -0.631426
3.333935 -9.564969 -1.884565
3.462163 -9.274832 -3.108678
3.590392 -8.843683 -4.284793
3.718620 -8.276389 -5.394508
3.846848 -7.579440 -6.420219
3.975076 -6.760946 -7.345346
4.103305 -5.830644 -8.154563
4.231533 -4.799889 -8.834024
4.359761 -3.681660 -9.371591
4.487990 -2.490559 -9.757063
4.616218 -1.242810 -9.982403
4.744446 0.043740 -10.041965
4.872674 1.349624 -9.932723
5.000903 2.653750 -9.654500
5.129131 3.933405 -9.210192
5.257359 5.164253 -8.605999
5.385587 6.320336 -7.851651
5.513816 7.374072 -6.960639
5.642044 8.296260 -5.950437
5.770272 9.056073 -4.842735
5.898500 9.621065 -3.663666
6.026729 9.957164 -2.444031
6.154957 10.028679 -1.219528
6.283185 9.798294 -0.030983


# Degree = 6
0.000000 10.003618 0.030983
0.128228 9.899648 1.219528
0.256457 9.651033 2.444031
0.384685 9.253116 3.663666
0.512913 8.706587 4.842735
0.641141 8.016801 5.950437
0.769370 7.193122 6.960639
0.897598 6.248295 7.851651
1.025826 5.197861 8.605999
1.154054 4.059588 9.210192
1.282283 2.852946 9.654500
1.410511 1.598604 9.932723
1.538739 0.317964 10.041965
1.666968 -0.967274 9.982403
1.795196 -2.235521 9.757063
1.923424 -3.465671 9.371591
2.051652 -4.637447 8.834024
2.179881 -5.731708 8.154563
2.308109 -6.730733 7.345346
2.436337 -7.618471 6.420219
2.564565 -8.380760 5.394508
2.692794 -9.005510 4.284793
2.821022 -9.482861 3.108678
2.949250 -9.805313 1.884565
3.077479 -9.967810 0.631426
3.205707 -9.967810 -0.631426
3.333935 -9.805313 -1.884565
3.462163 -9.482861 -3.108678
3.590392 -9.005510 -4.284793
3.718620 -8.380760 -5.394508
3.846848 -7.618471 -6.420219
3.975076 -6.730733 -7.345346
4.103305 -5.731708 -8.154563
4.231533 -4.637447 -8.834024
4.359761 -3.465671 -9.371591
4.487990 -2.235521 -9.757063
4.616218 -0.967274 -9.982403
4.744446 0.317964 -10.041965
4.872674 1.598604 -9.932723
5.000903 2.852946 -9.654500
5.129131 4.059588 -9.210192
5.257359 5.197861 -8.605999
5.385587 6.248295 -7.851651
5.513816 7.193122 -6.960639
5.642044 8.016801 -5.950437
5.770272 8.706587 -4.842735
5.898500 9.253116 -3.663666
6.026729 9.651033 -2.444031
6.154957 9.899648 -1.219528
6.283185 10.003618 -0.030983


# Degree = 7
0.000000 10.003618 -0.000323
0.128228 9.899648 1.283212
0.256457 9.651033 2.540868
0.384685 9.253116 3.754923
0.512913 8.706587 4.907124
0.641141 8.016801 5.979377
0.769370 7.193122 6.954341
0.897598 6.248295 7.815940
1.025826 5.197861 8.549789
1.154054 4.059588 9.143545
1.282283 2.852946 9.587186
1.410511 1.598604 9.873214
1.538739 0.317964 9.996799
1.666968 -0.967274 9.955861
1.795196 -2.235521 9.751092
1.923424 -3.465671 9.385930
2.051652 -4.637447 8.866481
2.179881 -5.731708 8.201397
2.308109 -6.730733 7.401717
2.436337 -7.618471 6.480670
2.564565 -8.380760 5.453448
2.692794 -9.005510 4.336945
2.821022 -9.482861 3.149485
2.949250 -9.805313 1.910523
3.077479 -9.967810 0.640330
3.205707 -9.967810 -0.640330
3.333935 -9.805313 -1.910523
3.462163 -9.482861 -3.149485
3.590392 -9.005510 -4.336945
3.718620 -8.380760 -5.453448
3.846848 -7.618471 -6.480670
3.975076 -6.730733 -7.401717
4.103305 -5.731708 -8.201397
4.231533 -4.637447 -8.866481
4.359761 -3.465671 -9.385930
4.487990 -2.235521 -9.751092
4.616218 -0.967274 -9.955861
4.744446 0.317964 -9.996799
4.872674 1.598604 -9.873214
5.000903 2.852946 -9.587186
5.129131 4.059588 -9.143545
5.257359 5.197861 -8.549789
5.385587 6.248295 -7.815940
5.513816 7.193122 -6.954341
5.642044 8.016801 -5.979377
5.770272 8.706587 -4.907124
5.898500 9.253116 -3.754923
6.026729 9.651033 -2.540868
6.154957 9.899648 -1.283212
6.283185 10.003618 0.000323


# Degree = 8
0.000000 9.999978 -0.000323
0.128228 9.918861 1.283212
0.256457 9.673731 2.540868
0.384685 9.269440 3.754923
0.512913 8.713023 4.907124
0.641141 8.013754 5.979377
0.769370 7.183109 6.954341
0.897598 6.234657 7.815940
1.025826 5.183887 8.549789
1.154054 4.047981 9.143545
1.282283 2.845545 9.587186
1.410511 1.596304 9.873214
1.538739 0.320774 9.996799
1.666968 -0.960079 9.955861
1.795196 -2.225194 9.751092
1.923424 -3.453767 9.385930
2.051652 -4.625601 8.866481
2.179881 -5.721436 8.201397
2.308109 -6.723273 7.401717
2.436337 -7.614665 6.480670
2.564565 -8.380990 5.453448
2.692794 -9.009681 4.336945
2.821022 -9.490436 3.149485
2.949250 -9.815381 1.910523
3.077479 -9.979195 0.640330
3.205707 -9.979195 -0.640330
3.333935 -9.815381 -1.910523
3.462163 -9.490436 -3.149485
3.590392 -9.009681 -4.336945
3.718620 -8.380990 -5.453448
3.846848 -7.614665 -6.480670
3.975076 -6.723273 -7.401717
4.103305 -5.721436 -8.201397
4.231533 -4.625601 -8.866481
4.359761 -3.453767 -9.385930
4.487990 -2.225194 -9.751092
4.616218 -0.960079 -9.955861
4.744446 0.320774 -9.996799
4.872674 1.596304 -9.873214
5.000903 2.845545 -9.587186
5.129131 4.047981 -9.143545
5.257359 5.183887 -8.549789
5.385587 6.234657 -7.815940
5.513816 7.183109 -6.954341
5.642044 8.013754 -5.979377
5.770272 8.713023 -4.907124
5.898500 9.269440 -3.754923
6.026729 9.673731 -2.540868
6.154957 9.918861 -1.283212
6.283185 9.999978 0.000323


# Degree = 9
0.000000 9.999978 0.000001
0.128228 9.918861 1.278575
0.256457 9.673731 2.536407
0.384685 9.269440 3.752637
0.512913 8.713023 4.907215
0.641141 8.013754 5.981166
0.769370 7.183109 6.956870
0.897598 6.234657 7.818326
1.025826 5.183887 8.551408
1.154054 4.047981 9.144090
1.282283 2.845545 9.586640
1.410511 1.596304 9.871792
1.538739 0.320774 9.994855
1.666968 -0.960078 9.953804
1.795196 -2.225193 9.749307
1.923424 -3.453767 9.384718
2.051652 -4.625601 8.866023
2.179881 -5.721436 8.201741
2.308109 -6.723273 7.402783
2.436337 -7.614665 6.482271
2.564565 -8.380990 5.455324
2.692794 -9.009681 4.338806
2.821022 -9.490437 3.151053
2.949250 -9.815381 1.911565
3.077479 -9.979195 0.640695
3.205707 -9.979195 -0.640695
3.333935 -9.815381 -1.911565
3.462163 -9.490436 -3.151053
3.590392 -9.009681 -4.338806
3.718620 -8.380990 -5.455324
3.846848 -7.614665 -6.482271
3.975076 -6.723273 -7.402783
4.103305 -5.721436 -8.201741
4.231533 -4.625601 -8.866023
4.359761 -3.453767 -9.384718
4.487990 -2.225194 -9.749307
4.616218 -0.960079 -9.953804
4.744446 0.320774 -9.994855
4.872674 1.596304 -9.871792
5.000903 2.845545 -9.586640
5.129131 4.047982 -9.144089
5.257359 5.183887 -8.551408
5.385587 6.234657 -7.818326
5.513816 7.183109 -6.956870
5.642044 8.013754 -5.981166
5.770272 8.713023 -4.907215
5.898500 9.269440 -3.752637
6.026729 9.673731 -2.536407
6.154957 9.918860 -1.278575
6.283185 9.999978 -0.000001


