# N=2 ( absolute error )
2   1e-16
4   1e-16
8   0.000000000000142
16   0.000000000001393
32   0.000000000000028
64   1e-16


# N=2 ( relative error )
2   1e-16
4   1e-16
8   1e-16
16   0.000000000000010
32   1e-16
64   1e-16


# N=3 ( absolute error )
2   0.000000000000028
4   0.000000000000028
8   0.000000000000028
16   0.000000000000142
32   0.000000000001023
64   0.000000000000597


# N=3 ( relative error )
2   1e-16
4   1e-16
8   1e-16
16   1e-16
32   0.000000000000007
64   0.000000000000004


# N=4 ( absolute error )
2   0.000000000000284
4   0.000000000000426
8   0.000000000000028
16   0.000000000000142
32   0.000000000000938
64   0.000000000005514


# N=4 ( relative error )
2   0.000000000000002
4   0.000000000000003
8   1e-16
16   1e-16
32   0.000000000000007
64   0.000000000000038


# N=5 ( absolute error )
2   0.000000000000227
4   0.000000000000398
8   0.000000000000085
16   0.000000000000426
32   0.000000000000114
64   0.000000000001421


# N=5 ( relative error )
2   0.000000000000002
4   0.000000000000003
8   1e-16
16   0.000000000000003
32   1e-16
64   0.000000000000010


# N=6 ( absolute error )
2   0.000000000000313
4   0.000000000000369
8   0.000000000000455
16   0.000000000000654
32   0.000000000000512
64   0.000000000003041


# N=6 ( relative error )
2   0.000000000000002
4   0.000000000000003
8   0.000000000000003
16   0.000000000000005
32   0.000000000000004
64   0.000000000000021


# N=7 ( absolute error )
2   0.000000000000711
4   0.000000000000483
8   0.000000000000426
16   0.000000000001677
32   0.000000000003894
64   0.000000000001762


# N=7 ( relative error )
2   0.000000000000005
4   0.000000000000003
8   0.000000000000003
16   0.000000000000012
32   0.000000000000027
64   0.000000000000012


