# N=2 ( absolute error )
2   1e-16
4   0.000015258789062
8   0.000015258789062
16   0.000595092773438
32   0.000091552734375
64   1e-16


# N=2 ( relative error )
2   1e-16
4   0.000000105963814
8   0.000000105963814
16   0.000004132588856
32   0.000000635782897
64   1e-16


# N=3 ( absolute error )
2   0.000015258789062
4   0.000015258789062
8   0.000045776367188
16   0.000457763671875
32   0.000595092773438
64   0.000747680664062


# N=3 ( relative error )
2   0.000000105963814
4   0.000000105963814
8   0.000000317891448
16   0.000003178914312
32   0.000004132588856
64   0.000005192227036


# N=4 ( absolute error )
2   1e-16
4   0.000091552734375
8   0.000213623046875
16   0.000198364257812
32   0.000274658203125
64   0.000701904296875


# N=4 ( relative error )
2   1e-16
4   0.000000635782897
8   0.000001483493406
16   0.000001377529543
32   0.000001907348633
64   0.000004874335445


# N=5 ( absolute error )
2   0.000030517578125
4   1e-16
8   0.000030517578125
16   0.000350952148438
32   0.000198364257812
64   0.000579833984375


# N=5 ( relative error )
2   0.000000211927627
4   1e-16
8   0.000000211927627
16   0.000002437167723
32   0.000001377529543
64   0.000004026624993


# N=6 ( absolute error )
2   0.000015258789062
4   0.000076293945312
8   0.000045776367188
16   0.000091552734375
32   0.000167846679688
64   0.003219604492188


# N=6 ( relative error )
2   0.000000105963814
4   0.000000529819090
8   0.000000317891448
16   0.000000635782897
32   0.000001165601930
64   0.000022358364731


# N=7 ( absolute error )
2   0.000030517578125
4   0.000091552734375
8   0.000030517578125
16   0.000198364257812
32   0.000137329101562
64   0.001083374023438


# N=7 ( relative error )
2   0.000000211927627
4   0.000000635782897
8   0.000000211927627
16   0.000001377529543
32   0.000000953674316
64   0.000007523430668


