# N=2 ( absolute error )
2   1e-16
4   1e-16
6   0.000000000000057
8   0.000000000000142
10   0.000000000000057
12   0.000000000000171
14   0.000000000000028
16   0.000000000001393
18   0.000000000000028
20   1e-16
22   0.000000000000085
24   0.000000000001336
26   1e-16
28   0.000000000000284
30   0.000000000000625
32   0.000000000000028


# N=2 ( relative error )
2   1e-16
4   1e-16
6   1e-16
8   1e-16
10   1e-16
12   0.000000000000001
14   1e-16
16   0.000000000000010
18   1e-16
20   1e-16
22   1e-16
24   0.000000000000009
26   1e-16
28   0.000000000000002
30   0.000000000000004
32   1e-16


# N=3 ( absolute error )
2   0.000000000000028
4   0.000000000000028
6   0.000000000000028
8   0.000000000000028
10   0.000000000000171
12   0.000000000000057
14   0.000000000000085
16   0.000000000000142
18   0.000000000000057
20   0.000000000000057
22   0.000000000000341
24   0.000000000000426
26   0.000000000000227
28   1e-16
30   0.000000000000057
32   0.000000000001023


# N=3 ( relative error )
2   1e-16
4   1e-16
6   1e-16
8   1e-16
10   0.000000000000001
12   1e-16
14   1e-16
16   1e-16
18   1e-16
20   1e-16
22   0.000000000000002
24   0.000000000000003
26   0.000000000000002
28   1e-16
30   1e-16
32   0.000000000000007


# N=4 ( absolute error )
2   0.000000000000284
4   0.000000000000426
6   0.000000000000455
8   0.000000000000028
10   0.000000000000426
12   1e-16
14   0.000000000000369
16   0.000000000000142
18   0.000000000000085
20   0.000000000000256
22   0.000000000000540
24   0.000000000000085
26   0.000000000000142
28   0.000000000000739
30   0.000000000000654
32   0.000000000000938


# N=4 ( relative error )
2   0.000000000000002
4   0.000000000000003
6   0.000000000000003
8   1e-16
10   0.000000000000003
12   1e-16
14   0.000000000000003
16   1e-16
18   1e-16
20   0.000000000000002
22   0.000000000000004
24   1e-16
26   1e-16
28   0.000000000000005
30   0.000000000000005
32   0.000000000000007


# N=5 ( absolute error )
2   0.000000000000227
4   0.000000000000398
6   0.000000000000369
8   0.000000000000085
10   0.000000000000512
12   0.000000000000597
14   0.000000000000114
16   0.000000000000426
18   0.000000000001251
20   0.000000000001620
22   0.000000000000540
24   0.000000000000171
26   0.000000000000512
28   0.000000000000426
30   0.000000000000568
32   0.000000000000114


# N=5 ( relative error )
2   0.000000000000002
4   0.000000000000003
6   0.000000000000003
8   1e-16
10   0.000000000000004
12   0.000000000000004
14   1e-16
16   0.000000000000003
18   0.000000000000009
20   0.000000000000011
22   0.000000000000004
24   0.000000000000001
26   0.000000000000004
28   0.000000000000003
30   0.000000000000004
32   1e-16


# N=6 ( absolute error )
2   0.000000000000313
4   0.000000000000369
6   0.000000000000426
8   0.000000000000455
10   0.000000000000114
12   0.000000000000796
14   0.000000000000483
16   0.000000000000654
18   0.000000000000824
20   0.000000000000142
22   0.000000000000171
24   0.000000000001393
26   0.000000000001307
28   0.000000000000114
30   0.000000000001478
32   0.000000000000512


# N=6 ( relative error )
2   0.000000000000002
4   0.000000000000003
6   0.000000000000003
8   0.000000000000003
10   1e-16
12   0.000000000000006
14   0.000000000000003
16   0.000000000000005
18   0.000000000000006
20   1e-16
22   0.000000000000001
24   0.000000000000010
26   0.000000000000009
28   1e-16
30   0.000000000000010
32   0.000000000000004


# N=7 ( absolute error )
2   0.000000000000711
4   0.000000000000483
6   0.000000000000881
8   0.000000000000426
10   0.000000000000909
12   0.000000000000540
14   0.000000000001961
16   0.000000000001677
18   0.000000000000398
20   0.000000000000313
22   0.000000000000909
24   0.000000000002331
26   0.000000000001336
28   0.000000000000853
30   0.000000000001705
32   0.000000000003894


# N=7 ( relative error )
2   0.000000000000005
4   0.000000000000003
6   0.000000000000006
8   0.000000000000003
10   0.000000000000006
12   0.000000000000004
14   0.000000000000014
16   0.000000000000012
18   0.000000000000003
20   0.000000000000002
22   0.000000000000006
24   0.000000000000016
26   0.000000000000009
28   0.000000000000006
30   0.000000000000012
32   0.000000000000027


