# N=2 ( absolute error )
2   1e-16
4   0.000015258789062
6   0.000015258789062
8   0.000015258789062
10   0.000015258789062
12   0.000183105468750
14   0.000015258789062
16   0.000595092773438
18   0.000106811523438
20   0.000396728515625
22   0.000152587890625
24   0.000839233398438
26   0.000137329101562
28   0.000640869140625
30   0.000137329101562
32   0.000091552734375


# N=2 ( relative error )
2   1e-16
4   0.000000105963814
6   0.000000105963814
8   0.000000105963814
10   0.000000105963814
12   0.000001271565793
14   0.000000105963814
16   0.000004132588856
18   0.000000741746703
20   0.000002755059086
22   0.000001059638180
24   0.000005828009762
26   0.000000953674316
28   0.000004450479992
30   0.000000953674316
32   0.000000635782897


# N=3 ( absolute error )
2   0.000015258789062
4   0.000015258789062
6   0.000045776367188
8   0.000045776367188
10   0.000015258789062
12   0.000198364257812
14   0.000106811523438
16   0.000457763671875
18   0.000259399414062
20   0.000396728515625
22   0.000213623046875
24   0.000259399414062
26   0.000122070312500
28   0.000076293945312
30   0.000076293945312
32   0.000595092773438


# N=3 ( relative error )
2   0.000000105963814
4   0.000000105963814
6   0.000000317891448
8   0.000000317891448
10   0.000000105963814
12   0.000001377529543
14   0.000000741746703
16   0.000003178914312
18   0.000001801384769
20   0.000002755059086
22   0.000001483493406
24   0.000001801384769
26   0.000000847710510
28   0.000000529819090
30   0.000000529819090
32   0.000004132588856


# N=4 ( absolute error )
2   1e-16
4   0.000091552734375
6   0.000030517578125
8   0.000213623046875
10   0.000015258789062
12   0.000091552734375
14   0.000335693359375
16   0.000198364257812
18   0.000289916992188
20   0.000167846679688
22   0.000015258789062
24   0.000457763671875
26   0.000183105468750
28   0.000091552734375
30   0.000289916992188
32   0.000274658203125


# N=4 ( relative error )
2   1e-16
4   0.000000635782897
6   0.000000211927627
8   0.000001483493406
10   0.000000105963814
12   0.000000635782897
14   0.000002331203859
16   0.000001377529543
18   0.000002013312496
20   0.000001165601930
22   0.000000105963814
24   0.000003178914312
26   0.000001271565793
28   0.000000635782897
30   0.000002013312496
32   0.000001907348633


# N=5 ( absolute error )
2   0.000030517578125
4   1e-16
6   0.000030517578125
8   0.000030517578125
10   0.000091552734375
12   0.000061035156250
14   0.000137329101562
16   0.000350952148438
18   0.000122070312500
20   0.000045776367188
22   0.000122070312500
24   0.000366210937500
26   0.000244140625000
28   0.000915527343750
30   0.000137329101562
32   0.000198364257812


# N=5 ( relative error )
2   0.000000211927627
4   1e-16
6   0.000000211927627
8   0.000000211927627
10   0.000000635782897
12   0.000000423855255
14   0.000000953674316
16   0.000002437167723
18   0.000000847710510
20   0.000000317891448
22   0.000000847710510
24   0.000002543131586
26   0.000001695421020
28   0.000006357828624
30   0.000000953674316
32   0.000001377529543


# N=6 ( absolute error )
2   0.000015258789062
4   0.000076293945312
6   0.000152587890625
8   0.000045776367188
10   0.000045776367188
12   0.000061035156250
14   0.000122070312500
16   0.000091552734375
18   0.000244140625000
20   0.000366210937500
22   0.000610351562500
24   0.000320434570312
26   0.000061035156250
28   0.000839233398438
30   0.000091552734375
32   0.000167846679688


# N=6 ( relative error )
2   0.000000105963814
4   0.000000529819090
6   0.000001059638180
8   0.000000317891448
10   0.000000317891448
12   0.000000423855255
14   0.000000847710510
16   0.000000635782897
18   0.000001695421020
20   0.000002543131586
22   0.000004238552719
24   0.000002225239996
26   0.000000423855255
28   0.000005828009762
30   0.000000635782897
32   0.000001165601930


# N=7 ( absolute error )
2   0.000030517578125
4   0.000091552734375
6   0.000091552734375
8   0.000030517578125
10   0.000183105468750
12   0.000030517578125
14   0.000122070312500
16   0.000198364257812
18   0.000106811523438
20   0.000259399414062
22   0.000091552734375
24   0.000625610351562
26   0.000106811523438
28   0.000640869140625
30   0.000106811523438
32   0.000137329101562


# N=7 ( relative error )
2   0.000000211927627
4   0.000000635782897
6   0.000000635782897
8   0.000000211927627
10   0.000001271565793
12   0.000000211927627
14   0.000000847710510
16   0.000001377529543
18   0.000000741746703
20   0.000001801384769
22   0.000000635782897
24   0.000004344516128
26   0.000000741746703
28   0.000004450479992
30   0.000000741746703
32   0.000000953674316


