# Conjugate Relation (A conjugate):
# N=20
18456832.998130 
0.000000 578.561219 
-0.000000 0.000000 32.126499 
0.000000 -0.000000 0.000000 4.261899 
-0.000014 0.000000 -0.000000 0.000000 3.524032 
0.000360 -0.000000 0.000000 -0.000000 0.000000 0.701675 
-0.011906 0.000000 -0.000000 0.000000 -0.000000 0.000000 0.322006 
0.498660 -0.000017 0.000000 -0.000000 0.000000 -0.000000 0.000000 0.167676 
-37.624341 0.001275 -0.000005 0.000000 -0.000000 0.000000 -0.000000 0.000000 0.481822 
940.342855 -0.031877 0.000129 -0.000001 0.000000 -0.000000 0.000000 -0.000000 0.000000 0.201915 
-14763.860403 0.500479 -0.002025 0.000012 -0.000000 0.000000 -0.000000 0.000000 -0.000000 0.000000 15.504950 
22.023367 -0.000747 0.000003 -0.000000 0.000000 -0.000000 0.000000 -0.000000 0.000000 -0.000000 0.000000 0.030850 
-0.131318 0.000004 -0.000000 0.000000 -0.000000 0.000000 0.000000 -0.000000 -0.000000 0.000000 -0.000000 0.000000 0.008107 
0.001400 -0.000000 0.000000 -0.000000 0.000000 0.000000 -0.000000 0.000000 0.000000 -0.000000 0.000000 -0.000000 0.000000 0.006566 
-0.000033 0.000000 -0.000000 0.000000 -0.000000 -0.000000 0.000000 0.000000 -0.000000 0.000000 -0.000000 0.000000 -0.000000 0.000000 0.010483 
-0.000011 0.000000 -0.000000 -0.000000 0.000000 0.000000 0.000000 -0.000000 0.000000 -0.000000 0.000000 -0.000000 0.000000 -0.000000 0.000000 0.001262 
0.000390 -0.000000 0.000000 -0.000000 -0.000000 0.000000 -0.000000 0.000000 -0.000000 0.000000 -0.000000 0.000000 -0.000000 0.000000 -0.000000 0.000000 0.000254 
-0.018180 0.000001 -0.000000 0.000000 -0.000000 -0.000000 0.000000 -0.000000 0.000000 -0.000001 0.000015 -0.000000 0.000000 -0.000000 0.000000 -0.000000 0.000000 0.000206 
0.667852 -0.000023 0.000000 -0.000000 0.000000 0.000000 -0.000000 0.000000 -0.000001 0.000034 -0.000534 0.000001 -0.000000 0.000000 -0.000000 0.000000 -0.000000 0.000000 0.000029 
-16.628943 0.000564 -0.000002 0.000000 -0.000000 -0.000000 0.000000 -0.000000 0.000034 -0.000847 0.013302 -0.000020 0.000000 -0.000000 0.000000 -0.000000 0.000000 -0.000000 0.000000 0.000015 
0.071290 -0.000002 0.000000 -0.000000 0.000000 0.000000 -0.000000 0.000000 -0.000000 0.000004 -0.000057 0.000000 -0.000000 0.000000 -0.000000 0.000000 -0.000000 0.000000 0.000000 0.000000 0.000000 
-0.000152 0.000000 -0.000000 0.000000 -0.000000 0.000000 -0.000000 -0.000000 0.000000 -0.000000 0.000000 -0.000000 0.000000 -0.000000 0.000000 -0.000000 0.000000 -0.000000 0.000000 -0.000000 0.000000 0.000000 
-0.000000 -0.000000 0.000000 -0.000000 0.000000 -0.000000 0.000000 -0.000000 0.000000 -0.000000 -0.000000 0.000000 -0.000000 0.000000 -0.000000 0.000000 -0.000000 0.000000 -0.000000 0.000000 -0.000000 0.000000 0.000000 


# N=30
185253730.114184 
0.000000 5069.862925 
-0.000001 0.000000 131.172110 
0.000023 -0.000000 0.000000 14.256630 
-0.001336 0.000000 -0.000000 0.000000 9.015268 
0.065446 -0.000002 0.000000 -0.000000 0.000000 2.099320 
-2.844260 0.000083 -0.000000 0.000000 -0.000000 0.000000 0.961372 
133.584293 -0.003884 0.000006 -0.000000 0.000000 -0.000000 0.000000 0.429459 
-6650.181845 0.193332 -0.000299 0.000001 -0.000000 0.000000 -0.000000 0.000000 0.314212 
45060.374333 -1.309981 0.002023 -0.000009 0.000000 -0.000000 0.000000 -0.000000 0.000000 45.677603 
-25.872086 0.000752 -0.000001 0.000000 -0.000000 0.000000 -0.000000 0.000000 -0.000000 0.000000 0.105890 
0.465407 -0.000014 0.000000 -0.000000 0.000000 -0.000000 0.000000 -0.000000 0.000000 -0.000000 0.000000 0.161107 
-0.004651 0.000000 -0.000000 0.000000 -0.000000 0.000000 -0.000000 0.000000 -0.000000 0.000000 -0.000000 0.000000 0.107126 
-0.000089 0.000000 0.000000 -0.000000 0.000000 -0.000000 0.000000 -0.000000 0.000000 -0.000000 0.000000 -0.000000 0.000000 0.216281 
0.011044 -0.000000 0.000000 0.000000 -0.000000 0.000000 -0.000000 0.000000 -0.000000 0.000003 -0.000000 0.000000 -0.000000 0.000000 0.063886 
-0.734780 0.000021 -0.000000 0.000000 0.000000 -0.000000 0.000000 -0.000001 0.000026 -0.000179 0.000000 -0.000000 0.000000 -0.000000 0.000000 0.014204 
91.729616 -0.002667 0.000004 -0.000000 -0.000000 0.000000 -0.000001 0.000066 -0.003293 0.022313 -0.000013 0.000000 -0.000000 0.000000 -0.000000 0.000000 0.035600 
-4097.909137 0.119133 -0.000184 0.000001 0.000000 -0.000001 0.000063 -0.002955 0.147110 -0.996790 0.000572 -0.000010 0.000000 -0.000000 0.000000 -0.000000 0.000000 0.099374 
2840.629910 -0.082582 0.000128 -0.000001 -0.000000 0.000001 -0.000044 0.002048 -0.101975 0.690965 -0.000397 0.000007 -0.000000 0.000000 -0.000000 0.000000 -0.000000 0.000000 0.503613 
-3.328620 0.000097 -0.000000 0.000000 -0.000000 -0.000000 0.000000 -0.000002 0.000119 -0.000810 0.000000 -0.000000 0.000000 -0.000000 0.000000 -0.000000 0.000000 -0.000000 -0.000000 0.005994 
0.012923 -0.000001 0.000000 -0.000000 0.000000 -0.000000 -0.000000 0.000000 -0.000000 0.000003 -0.000000 0.000000 -0.000000 0.000000 -0.000000 0.000000 -0.000000 0.000000 -0.000000 -0.000000 0.001492 
-0.000040 0.000002 -0.000000 0.000000 -0.000000 0.000000 -0.000000 0.000000 0.000000 -0.000000 0.000000 -0.000000 0.000000 -0.000000 0.000000 -0.000000 0.000000 -0.000000 0.000000 -0.000000 -0.000000 0.000502 
-0.000015 -0.000010 0.000001 -0.000000 0.000000 -0.000000 0.000000 -0.000000 0.000000 0.000000 -0.000000 0.000000 -0.000000 0.000000 -0.000000 0.000000 -0.000000 0.000000 -0.000000 0.000000 -0.000000 -0.000000 0.000509 
0.000471 0.000045 -0.000005 0.000001 -0.000000 0.000000 -0.000000 0.000000 -0.000000 0.000000 0.000000 -0.000000 0.000000 -0.000000 0.000000 -0.000000 0.000000 -0.000000 0.000000 -0.000000 0.000000 -0.000000 -0.000000 0.000259 
-0.044787 -0.000222 0.000025 -0.000003 0.000001 -0.000000 0.000000 -0.000000 0.000002 -0.000011 0.000000 0.000000 -0.000000 0.000000 -0.000000 0.000000 -0.000000 0.000001 -0.000001 0.000000 -0.000000 0.000000 -0.000000 -0.000000 0.000164 
6.894795 0.001646 -0.000206 0.000025 -0.000007 0.000001 -0.000001 0.000005 -0.000247 0.001676 -0.000001 0.000000 0.000000 -0.000000 0.000000 -0.000000 0.000003 -0.000152 0.000106 -0.000000 0.000000 -0.000000 0.000000 -0.000000 -0.000000 0.000120 
-1097.630941 0.016051 0.001724 -0.000212 0.000060 -0.000012 0.000021 -0.000792 0.039403 -0.266986 0.000153 -0.000003 0.000000 0.000000 -0.000000 0.000004 -0.000544 0.024281 -0.016831 0.000020 -0.000000 0.000000 -0.000000 0.000000 -0.000000 -0.000000 0.006589 
29.297233 -0.038879 0.004253 -0.000508 0.000144 -0.000027 0.000009 0.000019 -0.001053 0.007140 -0.000004 0.000000 -0.000000 0.000000 0.000000 -0.000000 0.000015 -0.000649 0.000450 -0.000001 0.000000 -0.000000 0.000000 -0.000000 0.000000 -0.000000 -0.000000 0.000430 
0.064529 0.119110 -0.013316 0.001591 -0.000451 0.000085 -0.000029 0.000007 0.000002 -0.000028 0.000000 -0.000000 0.000000 -0.000000 0.000000 0.000000 -0.000000 0.000001 -0.000001 0.000000 -0.000000 0.000000 -0.000000 0.000000 -0.000000 0.000000 0.000000 -0.000000 0.000050 
-0.337936 -0.316716 0.035409 -0.004230 0.001200 -0.000227 0.000078 -0.000020 0.000001 0.000034 -0.000001 0.000000 -0.000000 0.000000 -0.000000 0.000000 0.000000 -0.000000 0.000000 -0.000000 0.000000 -0.000000 0.000000 -0.000000 0.000000 0.000000 -0.000000 0.000000 -0.000000 0.000034 
0.007412 0.006932 -0.000775 0.000093 -0.000026 0.000005 -0.000002 0.000000 -0.000000 -0.000001 0.000000 -0.000000 0.000000 -0.000000 0.000000 -0.000000 -0.000000 0.000000 -0.000000 -0.000000 0.000000 -0.000000 0.000000 -0.000000 0.000000 -0.000000 0.000000 -0.000000 0.000000 -0.000000 0.000001 
-0.001729 -0.001619 0.000180 -0.000021 0.000006 -0.000001 0.000000 -0.000000 0.000000 0.000000 0.000000 -0.000000 0.000000 -0.000000 0.000000 -0.000000 0.000000 -0.000000 0.000000 0.000000 -0.000000 0.000000 -0.000000 0.000000 -0.000000 0.000000 -0.000000 0.000000 -0.000000 0.000000 -0.000000 0.000001 
-0.000085 0.000027 -0.000002 0.000000 0.000000 -0.000000 0.000000 -0.000000 0.000000 0.000000 -0.000000 0.000000 -0.000000 0.000000 -0.000000 0.000000 -0.000000 0.000000 -0.000000 0.000000 0.000000 -0.000000 0.000000 -0.000000 0.000000 -0.000000 0.000000 -0.000000 0.000000 -0.000000 0.000000 -0.000000 0.000000 
0.011088 -0.000022 -0.000002 0.000001 -0.000001 0.000001 -0.000001 0.000000 -0.000000 0.000002 0.000000 -0.000000 0.000000 -0.000000 0.000000 -0.000000 0.000000 -0.000000 0.000000 -0.000000 0.000000 0.000000 -0.000000 0.000000 -0.000000 0.000000 -0.000000 0.000000 -0.000000 0.000000 -0.000000 0.000000 -0.000000 0.000000 
-3.179999 0.000364 0.000028 -0.000014 0.000016 -0.000016 0.000011 -0.000007 0.000115 -0.000762 0.000000 0.000000 -0.000000 0.000000 -0.000000 0.000000 -0.000002 0.000070 -0.000049 0.000000 -0.000000 -0.000000 0.000000 -0.000000 0.000000 -0.000000 0.000019 -0.000001 0.000000 -0.000000 0.000000 -0.000000 0.000000 -0.000000 0.000000 
0.031046 0.000335 0.000035 -0.000018 0.000020 -0.000020 0.000014 -0.000005 -0.000001 0.000022 -0.000000 0.000001 -0.000000 0.000000 -0.000000 0.000000 0.000000 -0.000001 0.000000 -0.000000 0.000000 -0.000000 0.000000 0.000000 -0.000000 0.000000 -0.000000 0.000000 -0.000000 0.000000 -0.000000 0.000000 0.000000 -0.000000 0.000000 0.000000 
0.000001 0.000001 0.000000 -0.000000 0.000000 0.000000 -0.000000 0.000000 -0.000000 -0.000000 -0.000000 0.000000 -0.000000 0.000000 -0.000000 0.000000 -0.000000 0.000000 0.000000 -0.000000 0.000000 -0.000000 0.000000 -0.000000 0.000000 -0.000000 0.000000 -0.000000 -0.000000 -0.000000 0.000000 -0.000000 0.000000 0.000000 -0.000000 0.000000 0.000000 


# N=40
1154358158.583957 
0.000000 9200.326482 
-0.000007 0.000000 396.693626 
0.000243 -0.000000 0.000000 57.658759 
-0.012541 0.000000 -0.000000 0.000000 16.703923 
0.739328 -0.000006 0.000000 -0.000000 0.000000 7.373064 
-53.100647 0.000443 -0.000001 0.000000 -0.000000 0.000000 1.934939 
5473.415219 -0.045675 0.000086 -0.000000 0.000000 -0.000000 0.000000 2.074846 
-421772.533292 3.519608 -0.006615 0.000027 -0.000000 0.000000 -0.000000 0.000000 156.856836 
3073.406863 -0.025647 0.000048 -0.000000 0.000000 -0.000000 0.000000 0.000000 0.000000 1.627915 
-23.676472 0.000198 -0.000000 0.000000 -0.000000 -0.000000 0.000000 0.000000 -0.000000 0.000000 0.760393 
0.238680 -0.000002 0.000000 -0.000000 -0.000000 0.000000 0.000000 -0.000000 0.000000 -0.000000 0.000000 0.700522 
-0.001194 0.000000 0.000000 -0.000000 0.000000 -0.000000 -0.000000 0.000000 -0.000000 0.000000 -0.000000 0.000000 0.367559 
-0.005923 0.000000 -0.000000 0.000000 -0.000000 -0.000000 0.000000 -0.000000 0.000002 -0.000000 0.000000 -0.000000 0.000000 0.207401 
0.700284 -0.000006 0.000000 -0.000000 0.000000 0.000000 -0.000000 0.000003 -0.000256 0.000002 -0.000000 0.000000 -0.000000 0.000000 0.276413 
-57.071623 0.000476 -0.000001 0.000000 0.000000 -0.000000 0.000003 -0.000271 0.020853 -0.000152 0.000001 -0.000000 0.000000 -0.000000 0.000000 0.067143 
8473.402918 -0.070709 0.000133 -0.000001 -0.000000 0.000005 -0.000390 0.040177 -3.095989 0.022560 -0.000174 0.000002 -0.000000 0.000000 -0.000000 0.000000 0.172568 
-570432.332861 4.760143 -0.008946 0.000036 0.000006 -0.000365 0.026240 -2.704741 208.423002 -1.518754 0.011700 -0.000118 0.000001 -0.000000 0.000000 -0.000000 0.000000 440.816971 
97.439426 -0.000813 0.000001 0.000000 -0.000000 0.000000 -0.000004 0.000462 -0.035602 0.000259 -0.000002 0.000000 -0.000000 0.000000 -0.000000 -0.000000 0.000000 0.000000 0.116688 
-0.429442 0.000003 0.000000 -0.000000 0.000000 -0.000000 0.000000 -0.000002 0.000157 -0.000001 0.000000 -0.000000 0.000000 0.000000 -0.000000 0.000000 0.000000 -0.000000 0.000000 0.043987 
0.005222 0.000003 -0.000000 0.000000 -0.000000 0.000000 -0.000000 0.000000 -0.000002 0.000000 -0.000000 -0.000000 0.000000 -0.000000 0.000000 0.000000 -0.000000 0.000000 -0.000000 0.000000 0.069168 
0.000001 -0.000008 0.000001 -0.000000 0.000000 -0.000000 0.000000 -0.000000 -0.000000 0.000000 -0.000000 0.000000 -0.000000 0.000000 -0.000000 -0.000000 0.000000 -0.000000 0.000000 -0.000000 0.000000 0.021227 
-0.005658 0.000065 -0.000009 0.000002 -0.000000 0.000000 -0.000000 -0.000000 0.000002 -0.000000 0.000000 -0.000000 0.000000 -0.000000 -0.000000 0.000000 -0.000000 0.000003 -0.000000 0.000000 -0.000000 0.000000 0.075352 
0.455802 -0.000164 0.000022 -0.000004 0.000001 -0.000000 0.000000 0.000002 -0.000167 0.000001 -0.000000 0.000000 -0.000000 0.000000 0.000000 -0.000000 0.000003 -0.000225 0.000000 -0.000000 0.000000 -0.000000 0.000000 0.018362 
-69.953548 0.001582 -0.000138 0.000026 -0.000007 0.000002 0.000003 -0.000332 0.025560 -0.000186 0.000001 -0.000000 0.000000 0.000000 -0.000000 0.000003 -0.000513 0.034569 -0.000006 0.000000 -0.000000 0.000000 -0.000000 0.000000 0.008934 
10143.263268 -0.090233 0.000928 -0.000145 0.000037 -0.000002 -0.000466 0.048095 -3.706120 0.027006 -0.000208 0.000002 -0.000000 -0.000000 0.000006 -0.000501 0.074456 -5.012395 0.000856 -0.000004 0.000000 -0.000000 0.000000 -0.000000 0.000000 0.095450 
-7077.076675 0.005172 0.007299 -0.001395 0.000356 -0.000090 0.000336 -0.033559 2.585779 -0.018841 0.000145 -0.000001 -0.000000 0.000000 -0.000004 0.000350 -0.051948 3.497178 -0.000597 0.000003 -0.000000 0.000000 -0.000000 0.000000 0.000000 0.000000 0.659934 
4.525563 0.029815 -0.004105 0.000773 -0.000197 0.000047 -0.000006 0.000023 -0.001641 0.000011 0.000000 -0.000000 0.000000 -0.000000 0.000000 -0.000000 0.000033 -0.002221 0.000000 -0.000000 0.000000 -0.000000 -0.000000 0.000000 0.000000 -0.000000 0.000000 0.005850 
-0.218260 -0.197160 0.027114 -0.005107 0.001303 -0.000313 0.000037 -0.000012 -0.000006 0.000004 -0.000001 0.000000 -0.000000 0.000000 -0.000000 0.000000 -0.000000 0.000005 -0.000000 -0.000000 0.000000 -0.000000 0.000000 -0.000000 -0.000000 0.000000 -0.000000 0.000000 0.002129 
0.610403 0.579479 -0.079692 0.015010 -0.003831 0.000920 -0.000109 0.000036 0.000029 -0.000011 0.000003 -0.000001 0.000000 -0.000000 0.000000 -0.000000 0.000000 0.000000 -0.000000 0.000000 -0.000000 0.000000 -0.000000 0.000000 0.000000 -0.000000 0.000000 -0.000000 0.000000 0.000575 
-3.515196 -3.338720 0.459156 -0.086484 0.022070 -0.005298 0.000626 -0.000208 -0.000167 0.000063 -0.000018 0.000005 -0.000001 0.000000 -0.000000 0.000000 0.000000 -0.000001 0.000000 -0.000000 0.000000 -0.000000 0.000000 0.000000 -0.000000 0.000000 -0.000000 0.000000 -0.000000 0.000000 0.002390 
0.432002 0.456632 -0.062798 0.011829 -0.003019 0.000725 -0.000086 0.000028 0.000041 -0.000009 0.000002 -0.000001 0.000000 -0.000000 0.000000 0.000000 -0.000000 0.000024 -0.000000 0.000000 -0.000000 0.000000 0.000000 -0.000000 0.000000 -0.000000 0.000000 -0.000000 0.000000 -0.000000 0.000000 0.000363 
3.834925 -0.018652 0.002562 -0.000483 0.000123 -0.000030 0.000003 0.000017 -0.001409 0.000011 -0.000000 0.000000 -0.000000 0.000000 0.000000 -0.000000 0.000028 -0.001905 0.000000 -0.000000 0.000000 -0.000000 -0.000000 0.000000 -0.000000 0.000034 -0.000024 0.000000 -0.000000 0.000000 -0.000000 0.000000 0.000048 
-715.159522 0.007860 -0.000277 0.000052 -0.000014 0.000003 0.000032 -0.003391 0.261304 -0.001904 0.000015 -0.000000 0.000000 0.000000 -0.000000 0.000035 -0.005250 0.353404 -0.000060 0.000000 -0.000000 -0.000000 0.000000 -0.000000 0.000043 -0.006284 0.004384 -0.000003 0.000000 -0.000000 0.000000 -0.000000 0.000000 0.000498 
1186.138332 0.030398 -0.005597 0.001082 -0.000287 0.000072 -0.000064 0.005627 -0.433370 0.003157 -0.000024 0.000000 0.000000 -0.000000 0.000001 -0.000059 0.008706 -0.586121 0.000100 -0.000000 0.000000 0.000000 -0.000000 0.000000 -0.000072 0.010422 -0.007272 0.000005 -0.000000 0.000000 -0.000000 0.000000 -0.000000 0.000000 0.011163 
-0.373070 -0.000273 0.000059 -0.000018 0.000008 -0.000003 0.000000 -0.000002 0.000136 -0.000001 -0.000000 0.000000 -0.000000 0.000000 -0.000000 0.000000 -0.000003 0.000184 -0.000000 0.000000 0.000000 -0.000000 0.000000 -0.000000 0.000000 -0.000003 0.000002 -0.000000 0.000000 -0.000000 0.000000 -0.000000 0.000000 -0.000000 0.000000 0.000030 
0.000640 -0.000189 -0.000024 0.000021 -0.000012 0.000005 -0.000001 0.000001 -0.000000 -0.000000 0.000000 -0.000000 0.000000 -0.000000 0.000000 -0.000000 0.000000 -0.000000 -0.000000 0.000000 -0.000000 0.000000 -0.000000 0.000000 -0.000000 0.000000 -0.000000 0.000000 -0.000000 0.000000 -0.000000 0.000000 -0.000000 0.000000 -0.000000 0.000000 0.000007 
0.001796 0.001724 0.000176 -0.000170 0.000103 -0.000039 0.000008 -0.000005 -0.000002 0.000003 -0.000002 0.000001 -0.000000 0.000000 -0.000000 0.000000 -0.000000 -0.000000 0.000000 -0.000000 0.000000 -0.000000 0.000000 -0.000000 0.000000 -0.000000 0.000000 0.000000 -0.000000 0.000000 0.000000 -0.000000 0.000000 -0.000000 0.000000 -0.000000 0.000000 0.000005 
-0.011746 -0.010940 -0.001117 0.001078 -0.000653 0.000248 -0.000050 0.000030 0.000016 -0.000020 0.000010 -0.000004 0.000002 -0.000001 0.000000 -0.000000 0.000000 0.000001 -0.000000 0.000000 -0.000000 0.000000 -0.000000 0.000000 0.000000 -0.000000 0.000000 -0.000000 0.000000 -0.000000 -0.000000 0.000000 -0.000000 0.000000 -0.000000 0.000000 -0.000000 0.000000 0.000002 
0.639543 0.320169 0.032675 -0.031544 0.019101 -0.007272 0.001464 -0.000867 -0.000562 0.000589 -0.000298 0.000129 -0.000059 0.000020 -0.000010 0.000001 0.000002 -0.000170 0.000000 -0.000000 0.000000 -0.000000 0.000000 -0.000000 -0.000000 0.000003 -0.000002 0.000000 -0.000000 0.000000 0.000000 -0.000000 0.000000 -0.000000 0.000000 -0.000000 0.000000 -0.000000 0.000000 0.000086 
-28.765855 -0.220943 -0.022561 0.021791 -0.013200 0.005029 -0.001016 0.000475 0.010735 -0.000501 0.000220 -0.000097 0.000046 -0.000016 0.000008 0.000000 -0.000209 0.014117 -0.000003 0.000000 -0.000000 0.000000 -0.000000 -0.000000 0.000002 -0.000251 0.000175 -0.000000 0.000000 -0.000000 -0.000000 0.000000 -0.000000 0.000018 -0.000029 0.000000 -0.000000 0.000000 -0.000000 0.000000 0.000131 
3592.042983 -0.155335 -0.012770 0.012352 -0.007466 0.002834 -0.000721 0.017340 -1.312315 0.009388 0.000004 -0.000028 0.000007 -0.000001 0.000002 -0.000178 0.026368 -1.775110 0.000303 -0.000001 0.000000 -0.000000 -0.000000 0.000001 -0.000218 0.031564 -0.022023 0.000014 -0.000000 0.000000 0.000000 -0.000000 0.000012 -0.002225 0.003691 -0.000001 0.000000 -0.000000 0.000000 -0.000000 0.000000 0.011313 
-65.296489 0.083960 0.008402 -0.008213 0.005020 -0.001946 0.000441 -0.000643 0.023794 0.000158 -0.000205 0.000107 -0.000066 0.000027 -0.000015 0.000006 -0.000481 0.032275 -0.000005 -0.000000 0.000000 -0.000000 0.000000 -0.000000 0.000004 -0.000575 0.000401 -0.000000 0.000000 -0.000000 -0.000000 0.000000 -0.000000 0.000041 -0.000067 0.000000 -0.000000 0.000000 -0.000000 0.000000 0.000000 0.000000 0.000567 
0.072747 0.002424 0.000566 -0.000253 0.000019 0.000094 -0.000154 0.000304 -0.000094 -0.000517 0.000374 -0.000213 0.000151 -0.000064 0.000037 -0.000006 0.000003 0.000057 -0.000001 0.000000 -0.000000 0.000000 -0.000000 0.000000 -0.000000 0.000001 -0.000000 0.000000 -0.000000 0.000000 -0.000000 -0.000000 0.000000 -0.000000 0.000000 -0.000000 0.000000 -0.000000 -0.000000 0.000000 0.000000 -0.000000 0.000000 0.000060 
-0.062000 -0.059372 -0.009959 0.006024 -0.001999 -0.000483 0.001755 -0.003647 0.000883 0.006303 -0.004575 0.002618 -0.001869 0.000794 -0.000458 0.000076 -0.000029 -0.001158 0.000010 -0.000002 0.000001 -0.000000 0.000000 -0.000000 0.000000 -0.000000 0.000000 -0.000000 0.000000 -0.000000 0.000000 -0.000000 -0.000000 0.000000 -0.000000 0.000000 -0.000000 -0.000000 0.000000 -0.000000 -0.000000 0.000000 -0.000000 0.000000 0.000087 
0.001124 0.001095 0.000173 -0.000112 0.000042 0.000004 -0.000029 0.000065 -0.000021 -0.000120 0.000093 -0.000061 0.000057 -0.000027 0.000017 -0.000003 0.000001 0.000056 -0.000001 0.000000 -0.000000 0.000000 -0.000000 0.000000 -0.000000 -0.000000 0.000000 -0.000000 0.000000 0.000000 -0.000000 0.000000 -0.000000 0.000000 -0.000000 -0.000000 0.000000 -0.000000 0.000000 -0.000000 0.000000 -0.000000 0.000000 -0.000000 0.000000 0.000002 
0.006971 0.002188 0.000485 -0.000213 0.000013 0.000069 -0.000094 0.000150 0.000020 -0.000179 0.000070 0.000043 -0.000164 0.000099 -0.000074 0.000017 -0.000008 -0.000316 0.000004 -0.000001 0.000001 -0.000000 0.000000 -0.000000 0.000000 0.000000 -0.000000 0.000000 -0.000000 -0.000000 0.000000 -0.000000 0.000000 -0.000000 0.000000 -0.000000 -0.000000 0.000000 -0.000000 0.000000 -0.000000 0.000000 -0.000000 0.000000 -0.000000 0.000000 0.000000 
-0.797048 -0.007076 -0.001600 0.000676 -0.000027 -0.000225 0.000293 -0.000464 0.000221 0.000546 -0.000215 -0.000129 0.000494 -0.000297 0.000224 -0.000050 0.000018 0.001334 -0.000013 0.000004 -0.000004 0.000001 -0.000001 0.000000 0.000000 -0.000007 0.000005 -0.000000 -0.000000 0.000000 -0.000000 0.000000 -0.000000 0.000000 -0.000001 0.000000 -0.000000 -0.000000 0.000000 -0.000000 0.000000 -0.000002 0.000000 -0.000000 0.000000 -0.000000 0.000000 0.000003 
36.349065 0.000148 0.000148 -0.000027 -0.000022 0.000017 -0.000006 0.000172 -0.013276 0.000103 -0.000005 0.000000 0.000004 -0.000003 0.000002 -0.000002 0.000267 -0.017949 0.000003 0.000000 -0.000000 0.000000 -0.000000 0.000000 -0.000002 0.000319 -0.000223 0.000000 -0.000000 -0.000000 0.000000 -0.000000 0.000000 -0.000023 0.000037 -0.000000 0.000000 -0.000000 -0.000000 0.000000 -0.000001 0.000113 -0.000002 0.000000 -0.000000 0.000000 -0.000000 0.000000 0.000001 
-0.183181 0.000991 0.000311 -0.000062 -0.000041 0.000037 -0.000014 0.000007 0.000077 0.000003 -0.000005 0.000002 0.000000 -0.000001 0.000001 -0.000000 -0.000001 0.000101 -0.000000 0.000000 -0.000000 0.000000 -0.000000 0.000000 0.000000 -0.000002 0.000001 -0.000000 0.000000 -0.000000 0.000000 -0.000000 -0.000000 0.000000 -0.000000 0.000000 -0.000000 0.000000 0.000000 -0.000000 0.000000 -0.000001 0.000000 -0.000000 0.000000 -0.000000 0.000000 0.000000 0.000000 0.000000 
-0.003131 -0.005332 -0.001701 0.000338 0.000227 -0.000202 0.000073 -0.000038 -0.000054 -0.000022 0.000029 -0.000012 -0.000006 0.000007 -0.000008 0.000002 -0.000002 -0.000061 0.000001 -0.000001 0.000001 -0.000000 0.000000 -0.000000 0.000000 0.000000 -0.000000 0.000000 -0.000000 0.000000 -0.000000 0.000000 -0.000000 -0.000000 0.000000 -0.000000 0.000000 -0.000000 0.000000 0.000000 -0.000000 0.000000 -0.000000 0.000000 -0.000000 -0.000000 0.000000 -0.000000 -0.000000 0.000000 0.000000 
-0.000088 -0.000083 0.000011 -0.000002 0.000001 -0.000000 -0.000000 0.000000 0.000000 -0.000000 -0.000000 0.000000 -0.000000 -0.000000 0.000000 -0.000000 0.000000 0.000000 -0.000000 0.000000 -0.000000 0.000000 0.000000 -0.000000 0.000000 0.000000 0.000000 -0.000000 0.000000 -0.000000 0.000000 -0.000000 0.000000 -0.000000 -0.000000 0.000000 -0.000000 0.000000 -0.000000 0.000000 -0.000000 -0.000000 0.000000 -0.000000 -0.000000 0.000000 -0.000000 -0.000000 0.000000 -0.000000 0.000000 0.000000 


# N=50
5701221326.285525 
-0.000001 25931.524922 
0.000016 -0.000000 804.905226 
-0.000796 0.000000 -0.000000 102.259110 
0.053702 -0.000000 0.000000 -0.000000 17.750142 
-6.053984 0.000029 -0.000000 0.000000 -0.000000 13.500467 
600.418207 -0.002830 0.000003 -0.000000 0.000000 -0.000000 8.891435 
-52770.787509 0.248755 -0.000264 0.000001 -0.000000 0.000000 -0.000000 4.772962 
4097865.083009 -19.316863 0.020501 -0.000051 0.000000 -0.000000 0.000000 -0.000000 3283.221641 
-2909.180418 0.013714 -0.000015 0.000000 -0.000000 0.000000 -0.000000 0.000000 -0.000000 2.758285 
20.012909 -0.000094 0.000000 -0.000000 0.000000 0.000000 0.000000 -0.000000 0.000000 -0.000000 2.133519 
-0.163884 0.000001 -0.000000 0.000000 0.000000 -0.000000 -0.000000 0.000000 -0.000000 0.000000 -0.000000 1.856331 
0.003417 -0.000000 0.000000 0.000000 -0.000000 -0.000000 0.000000 -0.000000 0.000002 -0.000000 0.000000 -0.000000 1.536192 
-0.205872 0.000001 -0.000000 0.000000 -0.000000 0.000000 -0.000000 0.000002 -0.000148 0.000000 -0.000000 0.000000 -0.000000 0.682224 
22.841948 -0.000108 0.000000 -0.000000 0.000000 -0.000000 0.000002 -0.000211 0.016418 -0.000012 0.000000 -0.000000 0.000000 -0.000000 0.384012 
-3588.069065 0.016914 -0.000018 0.000000 -0.000000 0.000004 -0.000378 0.033212 -2.579008 0.001831 -0.000013 0.000000 -0.000000 0.000000 -0.000000 0.453878 
370974.387007 -1.748730 0.001856 -0.000005 0.000004 -0.000394 0.039069 -3.433774 266.646448 -0.189299 0.001302 -0.000011 0.000000 -0.000000 0.000000 -0.000000 24.450552 
-6516.993141 0.030720 -0.000033 0.000000 -0.000000 0.000007 -0.000686 0.060322 -4.684240 0.003325 -0.000023 0.000000 -0.000000 0.000000 -0.000000 -0.000000 -0.000000 0.959995 
17.361640 -0.000082 0.000000 -0.000000 0.000000 -0.000000 0.000002 -0.000161 0.012479 -0.000009 0.000000 -0.000000 0.000000 -0.000000 -0.000000 -0.000000 0.000000 -0.000000 0.182920 
-0.069859 0.000000 -0.000000 0.000000 -0.000000 0.000000 -0.000000 0.000001 -0.000050 0.000000 -0.000000 0.000000 0.000000 -0.000000 0.000000 0.000000 -0.000000 0.000000 -0.000000 0.093455 
0.000661 -0.000000 0.000000 -0.000000 0.000000 -0.000000 0.000000 -0.000000 0.000000 -0.000000 0.000000 0.000000 -0.000000 0.000000 0.000000 -0.000000 0.000000 -0.000000 0.000000 -0.000000 0.057542 
-0.061763 0.000001 -0.000000 0.000000 -0.000000 0.000000 -0.000000 0.000001 -0.000044 0.000000 -0.000000 -0.000000 0.000000 0.000000 -0.000000 0.000000 -0.000004 0.000000 -0.000000 0.000000 -0.000000 0.054992 
10.710222 -0.000052 0.000000 -0.000000 0.000000 -0.000000 0.000001 -0.000099 0.007698 -0.000005 0.000000 -0.000000 0.000000 -0.000000 0.000000 -0.000007 0.000697 -0.000012 0.000000 -0.000000 0.000000 -0.000000 0.081120 
-1286.607790 0.006070 -0.000007 0.000000 -0.000000 0.000001 -0.000135 0.011909 -0.924779 0.000657 -0.000005 0.000000 -0.000000 0.000000 -0.000005 0.000810 -0.083719 0.001471 -0.000004 0.000000 -0.000000 0.000000 -0.000000 0.085704 
140557.169649 -0.662580 0.000704 -0.000002 0.000001 -0.000149 0.014803 -1.301010 101.028727 -0.071723 0.000493 -0.000004 0.000000 -0.000005 0.000563 -0.088460 9.145999 -0.160670 0.000428 -0.000002 0.000000 -0.000000 0.000000 -0.000000 3.501247 
-2099.392839 0.009872 -0.000009 -0.000000 0.000000 0.000002 -0.000221 0.019432 -1.508987 0.001071 -0.000007 0.000000 -0.000000 0.000000 -0.000008 0.001321 -0.136607 0.002400 -0.000006 0.000000 -0.000000 0.000000 -0.000000 -0.000000 -0.000000 0.112364 
3.858785 0.000033 -0.000004 0.000001 -0.000000 0.000000 0.000000 -0.000036 0.002774 -0.000002 0.000000 -0.000000 0.000000 -0.000000 0.000000 -0.000002 0.000251 -0.000004 0.000000 -0.000000 0.000000 0.000000 -0.000000 0.000000 0.000000 -0.000000 0.016191 
-0.024022 -0.000263 0.000022 -0.000003 0.000000 -0.000000 0.000000 0.000000 -0.000017 0.000000 -0.000000 0.000000 -0.000000 0.000000 -0.000000 0.000000 -0.000002 0.000000 -0.000000 0.000000 0.000000 -0.000000 0.000000 0.000000 -0.000000 0.000000 -0.000000 0.019738 
0.001845 0.001503 -0.000124 0.000018 -0.000002 0.000001 -0.000000 0.000000 0.000001 -0.000000 0.000000 -0.000000 0.000000 -0.000000 0.000000 -0.000000 0.000000 -0.000000 -0.000000 0.000000 -0.000000 0.000000 0.000000 -0.000000 0.000000 -0.000000 0.000000 -0.000000 0.025381 
-0.024444 -0.005212 0.000431 -0.000061 0.000008 -0.000003 0.000001 -0.000000 -0.000016 0.000000 -0.000000 0.000000 -0.000000 0.000000 -0.000000 0.000000 -0.000001 0.000000 -0.000000 -0.000000 0.000000 0.000000 -0.000000 0.000000 -0.000000 0.000000 -0.000000 0.000000 -0.000000 0.015292 
3.948008 0.030566 -0.002527 0.000357 -0.000045 0.000016 -0.000006 -0.000034 0.002831 -0.000003 0.000000 -0.000000 0.000000 -0.000000 0.000000 -0.000002 0.000255 -0.000004 0.000000 -0.000000 -0.000000 -0.000000 0.000000 -0.000001 0.000097 -0.000001 0.000000 -0.000000 0.000000 -0.000000 0.018772 
-499.344091 -0.097751 0.008268 -0.001170 0.000146 -0.000052 -0.000033 0.004615 -0.358893 0.000257 -0.000003 0.000000 -0.000000 0.000000 -0.000002 0.000314 -0.032485 0.000571 -0.000002 0.000000 -0.000000 0.000000 -0.000001 0.000113 -0.012308 0.000184 -0.000000 0.000000 -0.000000 0.000000 -0.000000 0.005800 
100920.966224 -0.066959 -0.033266 0.004776 -0.000595 0.000107 0.010548 -0.934105 72.539197 -0.051505 0.000357 -0.000004 0.000001 -0.000004 0.000404 -0.063515 6.566859 -0.115362 0.000307 -0.000001 0.000000 -0.000001 0.000190 -0.022775 2.488094 -0.037163 0.000068 -0.000000 0.000000 -0.000000 0.000000 -0.000000 1.809229 
-860.441469 0.921015 -0.075759 0.010717 -0.001338 0.000481 -0.000271 0.008028 -0.618662 0.000422 0.000004 -0.000003 0.000001 -0.000000 -0.000003 0.000542 -0.056051 0.000985 -0.000003 0.000000 -0.000000 0.000000 -0.000002 0.000194 -0.021237 0.000317 -0.000001 0.000000 -0.000000 0.000000 0.000000 -0.000000 -0.000000 0.025788 
0.299191 -1.851250 0.152942 -0.021637 0.002700 -0.000970 0.000364 -0.000132 0.000619 0.000034 -0.000015 0.000006 -0.000002 0.000001 -0.000000 -0.000001 0.000145 -0.000003 0.000000 -0.000000 0.000000 -0.000000 0.000000 -0.000001 0.000055 -0.000001 0.000000 -0.000000 0.000000 0.000000 -0.000000 -0.000000 0.000000 -0.000000 0.005314 
6.883627 6.632257 -0.547930 0.077517 -0.009674 0.003474 -0.001303 0.000400 0.003500 -0.000127 0.000052 -0.000022 0.000009 -0.000002 0.000000 -0.000000 -0.000001 0.000000 -0.000000 0.000000 -0.000000 0.000000 -0.000000 0.000000 -0.000000 0.000000 -0.000000 -0.000000 0.000000 -0.000000 0.000000 0.000000 -0.000000 0.000000 -0.000000 0.002939 
-4.699596 -4.522000 0.373589 -0.052852 0.006596 -0.002368 0.000888 -0.000272 -0.002389 0.000087 -0.000035 0.000015 -0.000006 0.000001 -0.000000 0.000000 0.000000 -0.000000 0.000000 -0.000000 0.000000 -0.000000 0.000000 -0.000000 0.000000 -0.000000 0.000000 0.000000 0.000000 -0.000000 0.000000 -0.000000 0.000000 -0.000000 0.000000 -0.000000 0.004233 
0.376579 0.366138 -0.030248 0.004279 -0.000534 0.000191 -0.000071 0.000022 0.000186 -0.000007 0.000002 -0.000001 0.000000 -0.000000 -0.000000 0.000000 -0.000000 0.000000 0.000000 -0.000000 0.000000 -0.000000 0.000000 0.000000 -0.000000 0.000000 -0.000000 0.000000 -0.000000 0.000000 -0.000000 0.000000 -0.000000 0.000000 -0.000000 0.000000 -0.000000 0.001057 
0.784227 -0.048096 0.003968 -0.000559 0.000068 -0.000022 0.000006 -0.000008 0.000597 -0.000002 0.000002 -0.000001 0.000001 -0.000000 0.000000 -0.000001 0.000054 -0.000001 -0.000000 0.000000 -0.000000 0.000000 0.000000 -0.000000 0.000021 -0.000000 0.000000 -0.000000 0.000000 -0.000000 0.000000 -0.000000 0.000015 -0.000000 0.000000 -0.000000 0.000000 -0.000000 0.000901 
-163.162081 0.004207 -0.000262 0.000026 0.000004 -0.000012 -0.000002 0.001498 -0.117381 0.000093 -0.000010 0.000008 -0.000005 0.000002 -0.000001 0.000103 -0.010617 0.000186 -0.000000 -0.000000 0.000000 0.000000 -0.000000 0.000037 -0.004023 0.000060 -0.000000 0.000000 -0.000000 0.000000 -0.000000 0.000014 -0.002888 0.000025 -0.000000 0.000000 -0.000000 0.000000 -0.000000 0.000381 
29705.857306 -0.132683 -0.000509 0.000116 -0.000030 0.000003 0.003092 -0.274932 21.352002 -0.015179 0.000126 -0.000018 0.000011 -0.000005 0.000120 -0.018696 1.932948 -0.033956 0.000090 -0.000000 0.000000 -0.000000 0.000056 -0.006704 0.732368 -0.010939 0.000020 -0.000000 0.000000 -0.000000 0.000020 -0.002601 0.525843 -0.004488 0.000012 -0.000000 0.000000 -0.000000 0.000000 -0.000000 0.156789 
-18.636615 -0.000672 -0.000052 0.000061 -0.000044 0.000068 -0.000082 0.000235 -0.012873 -0.000038 0.000048 -0.000039 0.000024 -0.000008 0.000002 0.000010 -0.001213 0.000022 -0.000000 0.000000 -0.000000 0.000000 -0.000000 0.000004 -0.000459 0.000007 -0.000000 0.000000 0.000000 0.000000 -0.000000 0.000002 -0.000330 0.000003 -0.000000 0.000000 -0.000000 0.000000 0.000000 -0.000000 -0.000000 0.000113 
0.065992 0.003572 0.000380 -0.000367 0.000261 -0.000401 0.000466 -0.000369 -0.003005 0.000281 -0.000283 0.000225 -0.000139 0.000049 -0.000015 0.000008 0.000006 -0.000004 0.000001 -0.000000 0.000000 -0.000000 0.000000 -0.000000 0.000002 -0.000000 -0.000000 0.000000 -0.000000 0.000000 0.000000 -0.000000 0.000001 -0.000000 0.000000 -0.000000 0.000000 0.000000 -0.000000 -0.000000 0.000000 -0.000000 0.000087 
-0.012097 -0.011610 -0.001249 0.001200 -0.000850 0.001307 -0.001518 0.001200 0.009934 -0.000913 0.000921 -0.000730 0.000453 -0.000160 0.000047 -0.000025 -0.000008 0.000012 -0.000002 0.000000 -0.000000 0.000000 -0.000000 0.000000 0.000000 -0.000000 0.000000 -0.000000 0.000000 -0.000000 0.000000 0.000000 -0.000000 0.000000 -0.000000 0.000000 -0.000000 0.000000 -0.000000 0.000000 -0.000000 0.000000 -0.000000 0.000023 
0.060981 0.058932 0.006351 -0.006092 0.004314 -0.006626 0.007690 -0.006076 -0.050305 0.004619 -0.004656 0.003692 -0.002290 0.000811 -0.000240 0.000128 0.000040 -0.000062 0.000009 -0.000002 0.000001 -0.000000 0.000000 -0.000000 -0.000000 0.000000 -0.000000 0.000000 -0.000000 0.000000 -0.000000 -0.000000 0.000000 -0.000000 0.000000 -0.000000 0.000000 -0.000000 0.000000 -0.000000 0.000000 -0.000000 0.000000 -0.000000 0.000065 
-0.026905 -0.016130 -0.001757 0.001671 -0.001176 0.001798 -0.002080 0.001637 0.013548 -0.001238 0.001243 -0.000983 0.000608 -0.000215 0.000063 -0.000034 -0.000011 0.000016 -0.000002 0.000001 -0.000000 0.000000 -0.000000 0.000000 -0.000000 -0.000000 0.000000 -0.000000 0.000000 -0.000000 -0.000000 0.000000 -0.000000 0.000000 -0.000000 0.000000 -0.000000 0.000000 -0.000000 0.000000 -0.000000 0.000000 -0.000000 0.000000 -0.000000 0.000026 
2.069083 0.005835 0.000712 -0.000618 0.000405 -0.000591 0.000655 -0.000508 -0.002587 0.000345 -0.000325 0.000246 -0.000147 0.000050 -0.000014 0.000006 0.000137 -0.000006 0.000000 -0.000000 0.000000 -0.000000 0.000000 -0.000000 0.000051 -0.000001 0.000000 -0.000000 0.000000 -0.000000 0.000000 -0.000000 0.000037 -0.000000 0.000000 -0.000000 0.000000 -0.000000 0.000000 -0.000000 0.000011 -0.000000 0.000000 -0.000000 0.000000 -0.000000 0.000035 
-407.365843 -0.003914 -0.000970 0.000661 -0.000332 0.000382 -0.000356 0.003900 -0.291630 0.000216 -0.000106 0.000130 -0.000105 0.000046 -0.000017 0.000266 -0.026504 0.000460 -0.000000 -0.000000 0.000000 -0.000000 -0.000001 0.000092 -0.010043 0.000150 -0.000000 0.000000 -0.000000 0.000000 -0.000000 0.000036 -0.007211 0.000062 -0.000000 0.000000 -0.000000 0.000000 -0.000000 0.000012 -0.002123 0.000001 -0.000000 0.000000 -0.000000 0.000000 -0.000000 0.000033 
4931.910532 -0.528449 -0.083707 0.057238 -0.028793 0.033095 -0.026720 -0.034297 3.647897 -0.002001 -0.008876 0.011115 -0.008973 0.003904 -0.001339 -0.002245 0.321192 -0.006112 0.000096 -0.000021 0.000006 -0.000003 0.000013 -0.001116 0.121604 -0.001815 0.000003 0.000000 -0.000000 -0.000000 0.000003 -0.000432 0.087312 -0.000745 0.000002 -0.000000 -0.000000 -0.000000 0.000001 -0.000141 0.025700 -0.000016 0.000000 -0.000000 0.000000 -0.000000 0.000000 -0.000000 0.035539 
-0.493765 0.120772 0.020136 -0.013702 0.006848 -0.007815 0.006356 -0.002548 -0.023665 -0.000280 0.002316 -0.002823 0.002256 -0.000976 0.000338 -0.000213 -0.000100 0.000118 -0.000020 0.000005 -0.000001 0.000001 -0.000001 0.000001 -0.000015 0.000000 0.000000 -0.000000 0.000000 -0.000000 0.000000 0.000000 -0.000011 0.000000 -0.000000 -0.000000 0.000000 -0.000000 -0.000000 0.000000 -0.000003 0.000000 -0.000000 0.000000 -0.000000 -0.000000 0.000000 0.000000 -0.000000 0.000036 
-0.121478 -0.131234 -0.021907 0.014888 -0.007430 0.008471 -0.006885 0.002764 0.025145 0.000307 -0.002514 0.003064 -0.002449 0.001060 -0.000368 0.000232 0.000066 -0.000128 0.000022 -0.000006 0.000002 -0.000001 0.000001 -0.000000 0.000000 0.000000 -0.000000 0.000000 -0.000000 0.000000 -0.000000 -0.000000 0.000000 -0.000000 -0.000000 0.000000 -0.000000 0.000000 -0.000000 -0.000000 0.000000 -0.000000 0.000000 -0.000000 0.000000 -0.000000 0.000000 -0.000000 0.000000 -0.000000 0.000161 
0.003326 0.003251 0.000635 -0.000361 0.000141 -0.000135 0.000099 -0.000038 -0.000343 -0.000005 0.000036 -0.000047 0.000042 -0.000021 0.000009 -0.000007 -0.000002 0.000005 -0.000001 0.000000 0.000000 -0.000000 0.000001 -0.000001 -0.000000 0.000000 -0.000000 0.000000 -0.000000 0.000000 -0.000000 0.000000 -0.000000 -0.000000 0.000000 -0.000000 0.000000 -0.000000 0.000000 -0.000000 -0.000000 0.000000 -0.000000 0.000000 -0.000000 0.000000 -0.000000 0.000000 -0.000000 0.000000 -0.000000 0.000013 
-0.014108 -0.031522 -0.008123 0.003360 -0.000482 -0.000256 0.000552 -0.000300 -0.002676 -0.000005 0.000189 -0.000154 0.000013 0.000079 -0.000075 0.000097 0.000016 -0.000080 0.000019 -0.000004 -0.000004 0.000014 -0.000032 0.000024 0.000005 -0.000010 0.000001 -0.000001 0.000000 -0.000000 0.000000 -0.000000 0.000000 0.000000 -0.000000 0.000000 -0.000000 0.000000 -0.000000 -0.000000 0.000000 -0.000000 0.000000 -0.000000 0.000000 -0.000000 0.000000 -0.000000 0.000000 -0.000000 0.000000 -0.000000 0.000036 
-15.946865 0.652768 0.169104 -0.070128 0.010224 0.005149 -0.011533 0.006629 0.045945 -0.000142 -0.003785 0.003284 -0.000535 -0.001396 0.001419 -0.001846 -0.001359 0.001567 -0.000368 0.000078 0.000080 -0.000282 0.000640 -0.000481 -0.000502 0.000202 -0.000029 0.000012 -0.000007 0.000002 -0.000001 0.000002 -0.000294 0.000002 0.000001 -0.000003 0.000002 -0.000000 0.000000 0.000000 -0.000087 0.000000 -0.000000 0.000000 -0.000000 0.000000 -0.000000 0.000001 -0.000014 0.000000 -0.000000 0.000000 -0.000000 0.000378 
3340.816613 -1.578597 -0.410382 0.171644 -0.026525 -0.010432 0.027388 -0.047259 2.257642 -0.000158 0.008051 -0.007834 0.002224 0.002351 -0.002743 0.001646 0.218035 -0.006984 0.000761 -0.000146 -0.000192 0.000644 -0.001450 0.000347 0.082614 -0.001675 0.000067 -0.000028 0.000016 -0.000004 0.000004 -0.000293 0.059167 -0.000502 -0.000003 0.000016 -0.000011 0.000001 0.000000 -0.000096 0.017416 -0.000011 0.000000 -0.000000 0.000000 -0.000000 0.000001 -0.000239 0.002892 -0.000000 0.000000 -0.000000 0.000000 -0.000000 0.003880 
-61710.565691 -29.734214 -7.874293 3.291699 -0.506882 -0.202537 0.513431 0.258451 -47.107095 0.059755 0.155422 -0.150481 0.041568 0.046358 -0.053966 0.111667 -4.002871 0.009104 0.014385 -0.002856 -0.003695 0.012416 -0.028172 0.035151 -1.516612 0.014149 0.001207 -0.000542 0.000303 -0.000083 -0.000003 0.005390 -1.091821 0.009368 -0.000109 0.000299 -0.000204 0.000017 -0.000011 0.001765 -0.321380 0.000202 -0.000001 0.000000 -0.000000 0.000000 -0.000022 0.004407 -0.053363 0.000007 -0.000000 0.000000 -0.000000 0.000000 0.000000 1.348411 
2.950571 0.064898 0.033020 -0.015628 0.004763 -0.002488 -0.000550 0.002164 0.019830 -0.001979 0.001191 0.000381 -0.001617 0.001446 -0.000864 0.000892 0.000350 -0.000688 0.000164 -0.000055 0.000011 0.000015 -0.000047 0.000037 0.000078 -0.000017 0.000002 -0.000001 0.000001 -0.000000 -0.000000 0.000000 0.000050 -0.000003 0.000006 -0.000021 0.000014 -0.000001 0.000000 -0.000000 0.000015 -0.000000 -0.000000 0.000000 -0.000000 -0.000000 0.000000 -0.000000 0.000002 -0.000000 0.000000 -0.000000 -0.000000 -0.000000 0.000000 -0.000000 0.000126 
0.117683 0.143706 -0.075514 0.035320 -0.014572 0.011446 -0.002178 -0.005947 -0.046238 0.007461 -0.005909 -0.000251 0.005950 -0.005999 0.003790 -0.004059 -0.000718 0.003149 -0.000749 0.000233 -0.000004 -0.000173 0.000436 -0.000338 -0.000064 0.000139 -0.000021 0.000009 -0.000005 0.000001 -0.000000 -0.000002 0.000007 0.000017 -0.000035 0.000125 -0.000085 0.000007 -0.000001 0.000000 -0.000000 -0.000000 0.000000 -0.000000 0.000000 -0.000000 -0.000000 0.000000 -0.000000 0.000000 -0.000000 0.000000 -0.000000 0.000000 -0.000000 0.000000 -0.000000 0.000295 
-0.243727 -0.234564 0.018331 -0.002274 0.000181 -0.000008 0.000026 -0.000075 -0.000592 0.000087 -0.000076 0.000007 0.000066 -0.000076 0.000054 -0.000065 -0.000009 0.000056 -0.000016 0.000009 -0.000006 0.000010 -0.000020 0.000014 0.000003 -0.000006 0.000001 -0.000000 0.000000 0.000000 -0.000000 0.000001 -0.000005 -0.000010 0.000021 -0.000074 0.000051 -0.000004 0.000001 -0.000000 -0.000000 0.000000 -0.000000 0.000000 -0.000000 0.000000 -0.000000 -0.000000 0.000000 -0.000000 0.000000 -0.000000 0.000000 -0.000000 0.000000 -0.000000 0.000000 -0.000000 0.000004 
1.228950 1.186985 -0.089093 0.009281 0.000140 -0.000796 -0.000022 0.000862 0.006813 -0.000965 0.000727 0.000053 -0.000751 0.000740 -0.000460 0.000487 0.000087 -0.000375 0.000089 -0.000028 0.000002 0.000016 -0.000043 0.000033 0.000006 -0.000014 0.000002 -0.000001 0.000001 -0.000000 0.000002 -0.000006 0.000023 0.000051 -0.000104 0.000371 -0.000253 0.000020 -0.000003 0.000000 0.000000 -0.000000 0.000000 -0.000000 0.000000 -0.000000 0.000000 0.000000 -0.000000 0.000000 -0.000000 0.000000 -0.000000 0.000000 -0.000000 0.000000 -0.000000 0.000000 -0.000000 0.000192 
0.329528 -0.015792 0.000138 0.000634 -0.000351 0.000199 0.000124 -0.000250 -0.001838 0.000121 0.000055 -0.000149 0.000098 0.000034 -0.000091 0.000165 0.000027 -0.000184 0.000073 -0.000055 0.000057 -0.000108 0.000221 -0.000163 -0.000023 0.000064 -0.000009 0.000004 -0.000002 0.000001 -0.000000 0.000000 0.000006 -0.000001 0.000001 -0.000003 0.000002 -0.000000 0.000000 -0.000000 0.000002 -0.000000 -0.000000 0.000000 -0.000000 -0.000000 0.000000 -0.000000 0.000000 -0.000000 0.000000 -0.000000 0.000000 -0.000000 0.000000 -0.000004 0.000000 -0.000000 0.000000 -0.000000 0.000002 
-420.261834 0.144486 0.010084 -0.008751 0.002962 -0.000852 -0.001816 0.006032 -0.283724 -0.000507 -0.000841 0.001357 -0.000630 -0.000517 0.000904 -0.001275 -0.027404 0.002164 -0.000685 0.000551 -0.000608 0.001179 -0.002440 0.001898 -0.010014 -0.000556 0.000100 -0.000042 0.000023 -0.000006 0.000002 0.000036 -0.007441 0.000067 -0.000006 0.000022 -0.000015 0.000001 -0.000000 0.000012 -0.002191 0.000001 -0.000000 0.000000 0.000000 0.000000 -0.000000 0.000030 -0.000364 0.000000 -0.000000 0.000000 -0.000000 0.000001 -0.000246 0.004548 -0.000000 0.000000 -0.000000 0.000000 -0.000000 0.000523 
42213.619783 0.665506 0.044609 -0.052245 0.021075 -0.008685 -0.005855 -0.375754 30.469525 -0.027526 -0.004730 0.009354 -0.005030 -0.003050 0.006253 -0.037171 2.746455 -0.036609 -0.004552 0.003667 -0.003938 0.007535 -0.015458 0.001949 1.042947 -0.020065 0.000667 -0.000268 0.000142 -0.000038 0.000046 -0.003701 0.747241 -0.006356 -0.000023 0.000140 -0.000096 0.000008 0.000005 -0.001208 0.219948 -0.000138 0.000000 -0.000000 0.000000 -0.000000 0.000015 -0.003016 0.036521 -0.000005 0.000000 -0.000000 0.000000 -0.000123 0.024748 -0.456689 0.000021 -0.000000 0.000000 -0.000000 0.000000 -0.000000 0.332276 
-2.227547 -0.060044 -0.020279 0.004128 0.001992 -0.003160 0.001121 0.001197 0.007677 -0.001335 0.000530 0.000612 -0.000969 0.000278 0.000252 -0.000688 -0.000141 0.000803 -0.000275 0.000120 -0.000021 -0.000062 0.000181 -0.000146 -0.000079 0.000064 -0.000010 0.000005 -0.000003 0.000001 -0.000001 0.000000 -0.000038 0.000000 0.000000 -0.000000 0.000000 -0.000000 0.000000 0.000000 -0.000011 0.000000 -0.000000 0.000000 -0.000000 0.000000 -0.000000 0.000000 -0.000002 0.000000 -0.000000 0.000000 -0.000000 0.000000 -0.000001 0.000023 -0.000000 0.000000 -0.000000 0.000000 -0.000000 0.000000 -0.000000 0.000018 
0.265776 0.200231 0.068971 -0.013753 -0.006964 0.010879 -0.003775 -0.004134 -0.032446 0.004624 -0.001791 -0.002163 0.003368 -0.000939 -0.000909 0.002451 0.000006 -0.002845 0.000983 -0.000444 0.000103 0.000156 -0.000504 0.000415 0.000073 -0.000182 0.000030 -0.000015 0.000010 -0.000003 0.000002 -0.000000 0.000001 0.000001 -0.000000 0.000000 -0.000000 0.000000 0.000000 -0.000000 0.000000 -0.000000 -0.000000 -0.000000 0.000000 -0.000000 0.000000 -0.000000 0.000000 -0.000000 -0.000000 0.000000 0.000000 -0.000000 0.000000 -0.000001 0.000000 -0.000000 0.000000 -0.000000 0.000000 -0.000000 0.000000 -0.000000 0.000139 
-0.000139 -0.000124 0.000006 0.000040 -0.000018 -0.000005 0.000024 -0.000010 -0.000098 -0.000013 0.000021 -0.000002 -0.000020 0.000015 0.000000 -0.000013 0.000003 0.000022 -0.000010 0.000006 -0.000002 -0.000000 0.000003 -0.000003 -0.000000 0.000001 -0.000000 0.000000 -0.000000 0.000000 -0.000000 -0.000000 0.000000 0.000000 -0.000000 -0.000000 0.000000 -0.000000 0.000000 -0.000000 -0.000000 0.000000 -0.000000 0.000000 -0.000000 0.000000 -0.000000 0.000000 -0.000000 -0.000000 0.000000 -0.000000 0.000000 0.000000 -0.000000 0.000000 -0.000000 0.000000 -0.000000 0.000000 -0.000000 0.000000 -0.000000 0.000000 -0.000000 0.000001 
-0.020311 -0.027293 -0.011313 0.000692 0.001789 -0.001581 -0.000299 0.001035 0.008964 -0.000267 -0.000523 0.000412 0.000203 -0.000407 0.000147 0.000081 -0.000118 -0.000353 0.000223 -0.000152 0.000072 -0.000020 -0.000031 0.000042 0.000003 -0.000028 0.000008 -0.000006 0.000007 -0.000002 0.000000 0.000001 -0.000000 -0.000004 0.000001 0.000000 -0.000000 0.000000 -0.000000 0.000000 0.000000 -0.000000 0.000000 -0.000000 0.000000 -0.000000 0.000000 -0.000000 0.000000 0.000000 -0.000000 0.000000 -0.000000 -0.000000 0.000000 -0.000000 0.000000 -0.000000 0.000000 -0.000000 0.000000 -0.000000 0.000000 -0.000000 0.000000 -0.000000 0.000002 
-0.345692 -0.000120 -0.000055 -0.000001 0.000010 -0.000006 -0.000004 0.000008 -0.000206 0.000001 -0.000004 0.000000 0.000004 -0.000002 -0.000001 0.000003 -0.000021 -0.000001 -0.000001 0.000002 -0.000001 0.000001 0.000000 -0.000001 -0.000008 0.000001 -0.000000 0.000000 0.000000 -0.000000 -0.000000 0.000000 -0.000006 -0.000000 0.000000 0.000000 -0.000000 0.000000 -0.000000 0.000000 -0.000002 0.000000 0.000000 0.000000 -0.000000 0.000000 -0.000000 0.000000 -0.000000 0.000000 0.000000 -0.000000 -0.000000 0.000000 -0.000000 0.000004 -0.000000 0.000000 -0.000000 0.000000 -0.000000 0.000000 -0.000003 0.000000 -0.000000 0.000000 -0.000000 0.000000 
13.793763 -0.000600 -0.000243 -0.000004 0.000042 -0.000025 -0.000017 -0.000107 0.010102 -0.000002 -0.000018 0.000001 0.000016 -0.000008 -0.000005 0.000005 0.000902 -0.000022 -0.000005 0.000008 -0.000006 0.000003 0.000001 -0.000007 0.000340 -0.000001 -0.000001 0.000000 0.000001 -0.000000 -0.000000 -0.000000 0.000244 -0.000004 0.000001 0.000000 -0.000000 0.000000 -0.000000 -0.000000 0.000072 -0.000000 0.000000 0.000000 -0.000000 0.000000 0.000000 -0.000001 0.000012 -0.000000 0.000000 -0.000000 0.000000 -0.000000 0.000008 -0.000149 0.000000 -0.000000 0.000000 -0.000000 0.000000 -0.000001 0.000102 -0.000000 0.000000 -0.000000 0.000000 -0.000000 0.000000 
-0.000058 0.000003 0.000001 0.000000 -0.000000 0.000000 0.000000 -0.000000 -0.000001 -0.000000 0.000000 0.000000 -0.000000 0.000000 0.000000 -0.000000 -0.000000 -0.000000 0.000000 -0.000000 -0.000000 0.000000 -0.000000 -0.000000 0.000000 0.000000 -0.000000 -0.000000 0.000000 -0.000000 0.000000 0.000000 -0.000000 -0.000000 0.000000 -0.000000 -0.000000 0.000000 -0.000000 0.000000 -0.000000 -0.000000 0.000000 -0.000000 0.000000 -0.000000 0.000000 0.000000 -0.000000 0.000000 -0.000000 0.000000 -0.000000 0.000000 -0.000000 0.000000 -0.000000 -0.000000 0.000000 -0.000000 -0.000000 0.000000 -0.000000 0.000000 -0.000000 0.000000 0.000000 0.000000 -0.000000 0.000000 


# N=60
17703258145.404926 
-0.000008 34726.528185 
0.000273 -0.000000 1564.875803 
-0.017609 0.000000 -0.000000 293.005973 
1.445978 -0.000003 0.000000 -0.000000 79.008046 
-150.506710 0.000304 -0.000000 0.000000 -0.000000 41.813773 
14608.047041 -0.029509 0.000036 -0.000000 0.000000 -0.000000 19.917658 
-1598891.234644 3.229809 -0.003981 0.000012 -0.000000 0.000000 -0.000000 149.028168 
251196.725024 -0.507425 0.000625 -0.000002 0.000000 -0.000000 0.000000 -0.000000 117.216215 
-326.959180 0.000660 -0.000001 0.000000 -0.000000 0.000000 -0.000000 0.000000 -0.000000 4.064912 
1.539442 -0.000003 0.000000 -0.000000 0.000000 -0.000000 0.000000 -0.000000 0.000000 -0.000000 2.136524 
-0.005229 0.000000 -0.000000 0.000000 -0.000000 0.000000 -0.000000 0.000000 -0.000000 0.000000 -0.000000 0.811004 
0.151022 -0.000000 0.000000 -0.000000 0.000000 -0.000000 0.000000 -0.000014 0.000002 -0.000000 0.000000 -0.000000 0.519707 
-33.644349 0.000068 -0.000000 0.000000 -0.000000 0.000000 -0.000028 0.003039 -0.000477 0.000001 -0.000000 0.000000 -0.000000 0.873223 
4824.063102 -0.009745 0.000012 -0.000000 0.000000 -0.000041 0.003981 -0.435692 0.068450 -0.000089 0.000000 -0.000000 0.000000 -0.000000 0.680727 
-707200.203942 1.428566 -0.001761 0.000006 -0.000058 0.006012 -0.583556 63.871777 -10.034692 0.013061 -0.000061 0.000000 -0.000000 0.000000 -0.000000 28.994074 
70202.453459 -0.141811 0.000175 -0.000001 0.000006 -0.000597 0.057928 -6.340433 0.996125 -0.001297 0.000006 -0.000000 0.000000 -0.000000 0.000000 -0.000000 11.746491 
-61.058600 0.000123 -0.000000 -0.000000 -0.000000 0.000001 -0.000050 0.005515 -0.000866 0.000001 -0.000000 0.000000 -0.000000 0.000000 -0.000000 0.000000 -0.000000 0.328048 
0.260797 -0.000000 -0.000000 0.000000 -0.000000 -0.000000 0.000000 -0.000024 0.000004 -0.000000 0.000000 -0.000000 0.000000 -0.000000 0.000000 -0.000000 0.000000 -0.000000 0.182339 
-0.001828 -0.000000 0.000000 -0.000000 0.000000 -0.000000 -0.000000 0.000000 -0.000000 0.000000 -0.000000 0.000000 -0.000000 0.000000 -0.000000 0.000000 -0.000000 0.000000 -0.000000 0.149012 
0.087528 0.000001 -0.000000 0.000000 -0.000000 0.000000 0.000000 -0.000008 0.000001 -0.000000 0.000000 -0.000000 0.000000 -0.000000 0.000000 -0.000003 0.000000 -0.000000 0.000000 -0.000000 0.087163 
-17.859760 0.000030 0.000001 -0.000000 0.000000 0.000000 -0.000015 0.001613 -0.000253 0.000000 -0.000000 0.000000 -0.000000 0.000000 -0.000005 0.000713 -0.000071 0.000000 -0.000000 0.000000 -0.000000 0.111639 
3528.986693 -0.007104 0.000006 0.000001 0.000000 -0.000030 0.002912 -0.318725 0.050074 -0.000065 0.000000 -0.000000 0.000000 -0.000007 0.000962 -0.140974 0.013994 -0.000012 0.000000 -0.000000 0.000000 -0.000000 0.114480 
-640862.286572 1.294495 -0.001588 0.000004 -0.000052 0.005448 -0.528816 57.880375 -9.093402 0.011836 -0.000056 0.000000 -0.000005 0.001218 -0.174633 25.600874 -2.541351 0.002210 -0.000009 0.000000 -0.000000 0.000000 -0.000000 23.511805 
8588.514226 -0.017521 0.000042 -0.000004 0.000002 -0.000073 0.007087 -0.775684 0.121865 -0.000159 0.000001 -0.000000 0.000000 -0.000016 0.002340 -0.343090 0.034058 -0.000030 0.000000 -0.000000 0.000000 -0.000000 0.000000 -0.000000 0.583482 
-16.944317 0.000225 -0.000023 0.000005 -0.000001 0.000001 -0.000014 0.001530 -0.000240 0.000000 -0.000000 -0.000000 -0.000000 0.000000 -0.000005 0.000677 -0.000067 0.000000 -0.000000 0.000000 -0.000000 0.000000 0.000000 -0.000000 0.000000 0.075131 
0.091817 -0.000687 0.000082 -0.000017 0.000004 -0.000001 0.000000 -0.000008 0.000001 0.000000 -0.000000 0.000000 -0.000000 -0.000000 0.000000 -0.000004 0.000000 -0.000000 0.000000 -0.000000 0.000000 -0.000000 -0.000000 0.000000 -0.000000 0.000000 0.070193 
0.001280 0.001554 -0.000185 0.000039 -0.000009 0.000003 -0.000001 0.000000 0.000000 -0.000000 0.000000 -0.000000 0.000000 -0.000000 -0.000000 0.000000 -0.000000 0.000000 -0.000000 0.000000 -0.000000 -0.000000 0.000000 -0.000000 0.000000 -0.000000 0.000000 0.036039 
-0.012217 -0.003982 0.000475 -0.000100 0.000022 -0.000008 0.000002 0.000001 -0.000001 0.000000 -0.000000 0.000000 -0.000000 0.000000 -0.000000 0.000000 -0.000000 0.000000 0.000000 -0.000000 0.000000 0.000000 -0.000000 0.000000 -0.000000 0.000000 -0.000000 0.000000 0.014767 
1.761827 0.016954 -0.002023 0.000428 -0.000094 0.000034 -0.000007 -0.000157 0.000030 -0.000000 0.000000 -0.000000 0.000000 -0.000000 0.000000 -0.000070 0.000007 -0.000000 0.000000 0.000000 0.000000 -0.000000 0.000000 -0.000063 0.000001 -0.000000 0.000000 -0.000000 0.000000 0.030157 
-275.384729 -0.053061 0.006395 -0.001353 0.000298 -0.000104 -0.000201 0.024865 -0.003923 0.000006 -0.000000 0.000000 -0.000000 0.000001 -0.000075 0.010999 -0.001092 0.000001 -0.000000 0.000000 -0.000000 0.000000 -0.000055 0.009967 -0.000134 0.000000 -0.000000 0.000000 -0.000000 0.000000 0.009848 
82292.648283 0.216230 -0.045419 0.009651 -0.002122 0.000058 0.067716 -7.432330 1.167788 -0.001529 0.000009 -0.000000 0.000001 -0.000156 0.022424 -3.287373 0.326331 -0.000284 0.000001 -0.000000 0.000000 -0.000083 0.016404 -2.979006 0.039923 -0.000079 0.000000 -0.000000 0.000000 -0.000000 0.000000 0.409237 
-52121.272401 3.591709 -0.416021 0.087979 -0.019412 0.007352 -0.044726 4.707824 -0.738555 0.000876 0.000015 -0.000003 0.000000 0.000099 -0.014204 2.082261 -0.206702 0.000180 -0.000001 0.000000 -0.000000 0.000053 -0.010391 1.886937 -0.025288 0.000050 -0.000000 0.000000 -0.000000 0.000000 0.000000 0.000000 2.367570 
17.683683 -1.022718 0.121995 -0.025807 0.005693 -0.002027 0.000518 -0.001720 -0.000046 0.000025 -0.000006 0.000001 -0.000000 0.000000 0.000005 -0.000749 0.000074 -0.000000 0.000000 -0.000000 0.000000 -0.000000 0.000004 -0.000678 0.000009 -0.000000 0.000000 -0.000000 -0.000000 0.000000 0.000000 -0.000000 0.000000 0.011873 
4.067444 3.996800 -0.476775 0.100858 -0.022249 0.007920 -0.001965 0.000112 0.001216 -0.000100 0.000023 -0.000003 0.000001 -0.000000 0.000000 0.000002 -0.000000 0.000000 -0.000000 0.000000 -0.000000 0.000000 -0.000000 0.000002 -0.000000 0.000000 -0.000000 -0.000000 0.000000 -0.000000 -0.000000 0.000000 -0.000000 0.000000 0.006938 
-16.121303 -15.604386 1.861434 -0.393773 0.086864 -0.030920 0.007673 -0.000417 -0.004752 0.000390 -0.000088 0.000012 -0.000002 0.000001 -0.000000 -0.000000 0.000000 -0.000000 0.000000 -0.000000 0.000000 -0.000000 0.000000 -0.000000 0.000000 0.000000 -0.000000 0.000000 -0.000000 -0.000000 0.000000 -0.000000 0.000000 -0.000000 0.000000 0.014627 
9.451370 9.136677 -1.089906 0.230562 -0.050860 0.018104 -0.004492 0.000243 0.002782 -0.000228 0.000052 -0.000007 0.000001 -0.000001 0.000000 -0.000000 -0.000000 0.000000 -0.000000 0.000000 -0.000000 0.000000 0.000000 -0.000000 0.000000 -0.000000 0.000000 -0.000000 0.000000 0.000000 -0.000000 0.000000 -0.000000 0.000000 -0.000000 0.000000 0.015660 
-3.171722 -1.514115 0.180617 -0.038208 0.008428 -0.003000 0.000743 0.000105 -0.000484 0.000038 -0.000009 0.000001 -0.000000 0.000000 -0.000000 0.000064 -0.000006 0.000000 0.000000 -0.000000 0.000000 0.000000 -0.000000 0.000058 -0.000001 0.000000 -0.000000 0.000000 0.000000 -0.000000 0.000000 -0.000007 0.000005 -0.000000 0.000000 -0.000000 0.000000 0.008480 
347.635463 0.234011 -0.027996 0.005922 -0.001306 0.000462 0.000171 -0.031369 0.005000 -0.000012 0.000001 -0.000000 0.000000 -0.000001 0.000095 -0.013877 0.001378 -0.000001 0.000000 -0.000000 0.000000 -0.000000 0.000069 -0.012576 0.000169 -0.000000 0.000000 -0.000000 -0.000000 0.000000 -0.000005 0.001615 -0.001023 0.000000 -0.000000 0.000000 -0.000000 0.000000 0.006839 
-69050.661196 0.172943 -0.004170 0.000849 -0.000195 0.000655 -0.056995 6.236411 -0.979772 0.001274 -0.000006 -0.000000 -0.000001 0.000131 -0.018816 2.758406 -0.273822 0.000238 -0.000001 0.000000 -0.000000 0.000070 -0.013765 2.499657 -0.033499 0.000066 -0.000000 0.000000 0.000000 -0.000007 0.001074 -0.320978 0.203311 -0.000073 0.000000 -0.000000 0.000000 -0.000000 0.000000 0.271600 
2054.881595 -0.062602 0.006950 -0.001456 0.000314 -0.000125 0.001721 -0.185596 0.029144 -0.000037 0.000000 0.000000 0.000000 -0.000004 0.000560 -0.082090 0.008149 -0.000007 0.000000 -0.000000 0.000000 -0.000002 0.000410 -0.074390 0.000997 -0.000002 0.000000 -0.000000 -0.000000 0.000000 -0.000032 0.009552 -0.006051 0.000002 -0.000000 0.000000 -0.000000 0.000000 -0.000000 0.000000 0.032401 
-4.204383 0.005305 -0.000579 0.000097 -0.000008 -0.000005 -0.000000 0.000379 -0.000065 0.000001 -0.000000 0.000000 -0.000000 0.000000 -0.000001 0.000168 -0.000017 0.000000 0.000000 -0.000000 0.000000 0.000000 -0.000001 0.000152 -0.000002 0.000000 -0.000000 0.000000 0.000000 -0.000000 0.000000 -0.000020 0.000012 -0.000000 0.000000 -0.000000 0.000000 0.000000 0.000000 -0.000000 0.000000 0.006812 
0.015637 -0.001948 0.000008 0.000107 -0.000080 0.000062 -0.000025 0.000003 0.000030 -0.000004 0.000001 -0.000000 0.000000 -0.000000 0.000000 -0.000001 -0.000000 0.000000 -0.000000 0.000000 -0.000000 0.000000 0.000000 -0.000001 0.000000 -0.000000 0.000000 -0.000000 0.000000 0.000000 -0.000000 0.000000 -0.000000 0.000000 -0.000000 -0.000000 0.000000 -0.000000 -0.000000 0.000000 -0.000000 0.000000 0.006950 
0.004588 0.003910 0.000367 -0.000481 0.000317 -0.000238 0.000093 -0.000016 -0.000112 0.000016 -0.000005 0.000001 -0.000000 0.000000 -0.000000 0.000000 0.000000 -0.000000 0.000000 -0.000000 0.000000 -0.000000 0.000000 -0.000000 0.000000 0.000000 -0.000000 0.000000 -0.000000 0.000000 -0.000000 0.000000 -0.000000 0.000000 0.000000 0.000000 -0.000000 -0.000000 0.000000 -0.000000 0.000000 -0.000000 0.000000 0.007519 
-0.170499 -0.016788 -0.001735 0.002177 -0.001427 0.001071 -0.000417 0.000086 0.000501 -0.000074 0.000025 -0.000005 0.000001 -0.000001 0.000001 0.000006 -0.000002 0.000000 -0.000000 0.000000 -0.000000 0.000000 -0.000000 0.000006 -0.000000 -0.000000 0.000000 -0.000000 0.000000 -0.000000 0.000000 -0.000001 0.000000 -0.000000 0.000000 -0.000000 0.000000 0.000000 -0.000000 0.000001 -0.000000 0.000000 -0.000000 0.000000 0.002010 
50.147931 0.110672 0.011457 -0.014370 0.009419 -0.007073 0.002792 -0.004995 -0.002611 0.000488 -0.000162 0.000034 -0.000010 0.000007 0.000010 -0.001998 0.000207 -0.000001 0.000000 -0.000000 0.000000 -0.000000 0.000010 -0.001811 0.000024 -0.000000 -0.000000 0.000000 -0.000000 0.000000 -0.000001 0.000233 -0.000147 0.000000 -0.000000 0.000000 0.000000 -0.000000 0.000001 -0.000195 0.000006 -0.000000 0.000000 -0.000000 0.000000 0.001161 
-25950.157694 -1.156407 -0.125096 0.156818 -0.102787 0.077397 -0.051433 2.348812 -0.331964 -0.004850 0.001766 -0.000372 0.000106 -0.000030 -0.007027 1.036585 -0.102996 0.000097 -0.000003 0.000001 -0.000000 0.000026 -0.005173 0.939359 -0.012589 0.000025 -0.000000 -0.000000 0.000000 -0.000003 0.000404 -0.120622 0.076403 -0.000027 0.000000 -0.000000 -0.000000 0.000002 -0.000509 0.101213 -0.003012 0.000006 -0.000000 0.000000 -0.000000 0.000000 0.042123 
57278.345865 -24.698348 -2.542497 3.189033 -2.090219 1.568959 -0.563228 -5.069721 1.549954 -0.109442 0.035961 -0.007561 0.002157 -0.001726 0.016510 -2.289351 0.225302 -0.000042 -0.000051 0.000018 -0.000004 -0.000056 0.011422 -2.074409 0.027802 -0.000055 0.000000 -0.000000 -0.000000 0.000006 -0.000891 0.266372 -0.168723 0.000061 -0.000000 0.000000 0.000000 -0.000005 0.001124 -0.223510 0.006652 -0.000014 0.000000 -0.000000 0.000000 -0.000000 -0.000000 1.913789 
-27.232839 4.372620 0.452271 -0.567241 0.371789 -0.279156 0.108564 -0.015940 -0.131504 0.019276 -0.006394 0.001344 -0.000383 0.000287 -0.000167 0.001305 0.000217 -0.000027 0.000009 -0.000003 0.000001 -0.000000 -0.000006 0.001148 -0.000016 0.000000 -0.000000 0.000000 -0.000000 -0.000000 0.000000 -0.000147 0.000093 -0.000000 0.000000 0.000000 -0.000000 0.000000 -0.000001 0.000124 -0.000004 0.000000 -0.000000 0.000000 -0.000000 -0.000000 0.000000 -0.000000 0.010432 
-2.541634 -2.721551 -0.281512 0.353061 -0.231403 0.173743 -0.067582 0.011678 0.081554 -0.011993 0.003978 -0.000836 0.000238 -0.000178 0.000098 -0.000033 -0.000210 0.000017 -0.000006 0.000002 -0.000000 0.000000 -0.000000 -0.000009 0.000000 -0.000000 0.000000 -0.000000 0.000000 -0.000000 -0.000000 0.000001 -0.000001 0.000000 0.000000 -0.000000 0.000000 -0.000000 0.000000 -0.000001 0.000000 -0.000000 0.000000 0.000000 -0.000000 0.000000 -0.000000 0.000000 -0.000000 0.008728 
0.138398 0.135082 0.013990 -0.017526 0.011478 -0.008611 0.003346 -0.000575 -0.004017 0.000588 -0.000194 0.000040 -0.000011 0.000008 -0.000004 0.000001 0.000007 -0.000000 0.000000 -0.000000 -0.000000 0.000000 -0.000000 0.000000 0.000000 -0.000000 0.000000 -0.000000 0.000000 -0.000000 0.000000 -0.000000 0.000000 0.000000 -0.000000 0.000000 -0.000000 0.000000 -0.000000 0.000000 -0.000000 0.000000 0.000000 -0.000000 0.000000 -0.000000 0.000000 -0.000000 0.000000 -0.000000 0.001011 
-0.000060 -0.010696 -0.001229 0.001403 -0.000854 0.000595 -0.000204 0.000006 0.000107 0.000004 -0.000007 0.000004 -0.000004 0.000007 -0.000008 0.000003 0.000024 -0.000003 0.000001 -0.000001 0.000000 -0.000000 0.000000 -0.000000 -0.000000 0.000000 -0.000000 0.000000 -0.000000 0.000000 -0.000000 0.000000 -0.000000 -0.000000 0.000000 -0.000000 0.000000 -0.000000 0.000000 -0.000000 0.000000 -0.000000 -0.000000 0.000000 -0.000000 0.000000 -0.000000 0.000000 -0.000000 0.000000 -0.000000 0.000503 
-3.584464 0.008522 0.001579 -0.001193 0.000413 -0.000042 -0.000143 0.000508 0.000908 -0.000254 0.000115 -0.000039 0.000025 -0.000045 0.000044 0.000122 -0.000153 0.000017 -0.000008 0.000003 -0.000001 0.000001 -0.000001 0.000130 -0.000000 -0.000000 0.000000 -0.000000 0.000000 -0.000000 0.000000 -0.000017 0.000011 -0.000000 -0.000000 0.000000 -0.000000 0.000000 -0.000000 0.000014 -0.000000 0.000000 -0.000000 -0.000000 0.000000 -0.000000 0.000005 -0.000012 0.000000 -0.000000 0.000000 -0.000000 0.000560 
1070.841410 -0.034609 -0.006675 0.004638 -0.001290 -0.000310 0.001744 -0.097623 0.010413 0.001221 -0.000555 0.000185 -0.000117 0.000210 0.000080 -0.042679 0.004903 -0.000083 0.000036 -0.000016 0.000006 -0.000005 0.000216 -0.038766 0.000513 0.000000 -0.000001 0.000000 -0.000000 0.000000 -0.000017 0.004978 -0.003153 0.000001 0.000000 -0.000000 0.000000 -0.000000 0.000021 -0.004177 0.000124 -0.000000 0.000000 0.000000 -0.000000 0.000003 -0.001570 0.003466 -0.000002 0.000000 -0.000000 0.000000 -0.000000 0.001115 
-169339.035993 0.106930 -0.048558 0.033541 -0.009419 -0.000620 -0.133589 15.287567 -2.437130 0.012037 -0.004006 0.001332 -0.000846 0.001847 -0.047667 6.765386 -0.666792 0.000012 0.000259 -0.000113 0.000040 0.000144 -0.033735 6.130118 -0.082199 0.000172 -0.000008 0.000003 -0.000001 -0.000016 0.002633 -0.787160 0.498598 -0.000179 0.000001 -0.000001 0.000000 0.000015 -0.003323 0.660499 -0.019656 0.000040 -0.000000 -0.000000 0.000001 -0.000479 0.248212 -0.548133 0.000303 -0.000002 0.000000 -0.000000 0.000000 -0.000000 1.719819 
15.893929 0.086835 0.018134 -0.012488 0.003397 0.000920 -0.002378 0.001057 0.013352 -0.003400 0.001522 -0.000507 0.000320 -0.000578 0.000581 -0.000903 -0.001724 0.000216 -0.000099 0.000043 -0.000015 0.000010 -0.000005 -0.000572 0.000025 -0.000004 0.000003 -0.000001 0.000000 -0.000000 -0.000000 0.000073 -0.000047 0.000000 -0.000000 0.000001 -0.000000 0.000000 0.000000 -0.000062 0.000002 -0.000000 0.000000 -0.000000 -0.000000 0.000000 -0.000023 0.000051 -0.000000 0.000000 -0.000000 0.000000 0.000000 -0.000000 -0.000000 0.000174 
-0.489287 -0.402571 -0.084665 0.058196 -0.015825 -0.004287 0.011137 -0.011565 -0.061158 0.015838 -0.007089 0.002359 -0.001490 0.002684 -0.002676 0.001262 0.008296 -0.001004 0.000458 -0.000198 0.000071 -0.000046 0.000037 0.000002 -0.000080 0.000017 -0.000013 0.000006 -0.000002 0.000002 -0.000000 -0.000000 0.000003 -0.000000 0.000001 -0.000004 0.000002 -0.000000 0.000000 0.000000 -0.000000 0.000000 -0.000000 0.000000 -0.000000 -0.000000 0.000000 -0.000000 0.000000 -0.000000 -0.000000 0.000000 -0.000000 -0.000000 0.000000 -0.000000 0.000218 
0.064773 0.063067 0.014835 -0.009932 0.002698 0.000711 -0.001876 0.001954 0.010324 -0.002674 0.001196 -0.000396 0.000247 -0.000441 0.000437 -0.000205 -0.001353 0.000163 -0.000074 0.000032 -0.000011 0.000007 -0.000006 0.000000 0.000013 -0.000003 0.000002 -0.000001 0.000000 -0.000000 0.000000 -0.000000 -0.000001 0.000000 -0.000001 0.000004 -0.000002 0.000000 -0.000000 -0.000000 0.000000 -0.000000 0.000000 -0.000000 0.000000 0.000000 -0.000000 0.000000 -0.000000 -0.000000 0.000000 -0.000000 -0.000000 0.000000 -0.000000 0.000000 -0.000000 0.000065 
0.038456 0.037265 -0.005518 0.001517 -0.000377 0.000055 0.000081 -0.000113 -0.000586 0.000152 -0.000061 0.000008 0.000013 -0.000047 0.000058 -0.000032 -0.000200 0.000027 -0.000013 0.000006 -0.000003 0.000002 -0.000002 0.000000 0.000005 -0.000001 0.000001 -0.000000 0.000000 -0.000000 -0.000000 0.000001 0.000006 -0.000002 0.000007 -0.000026 0.000015 -0.000002 0.000000 0.000000 -0.000000 0.000000 -0.000000 0.000000 -0.000000 0.000000 0.000000 -0.000000 0.000000 -0.000000 -0.000000 -0.000000 0.000000 -0.000000 0.000000 -0.000000 0.000000 -0.000000 0.000008 
-0.446707 -0.463733 0.059819 -0.014173 0.003335 -0.000848 -0.000223 0.000508 0.002610 -0.000680 0.000252 0.000016 -0.000149 0.000450 -0.000534 0.000287 0.001806 -0.000241 0.000117 -0.000054 0.000022 -0.000017 0.000016 -0.000004 -0.000039 0.000009 -0.000007 0.000003 -0.000001 0.000001 0.000001 -0.000007 -0.000067 0.000020 -0.000078 0.000303 -0.000177 0.000029 -0.000005 -0.000001 0.000001 -0.000000 0.000000 -0.000000 0.000000 0.000000 -0.000000 0.000000 -0.000000 0.000000 -0.000000 0.000000 -0.000000 0.000000 -0.000000 0.000000 -0.000000 0.000000 -0.000000 0.000014 
-8.725557 1.211971 -0.143461 0.029764 -0.006337 0.002281 -0.000761 0.001212 0.001663 -0.000415 0.000162 -0.000013 -0.000050 0.000167 -0.000206 0.000512 0.000663 -0.000096 0.000048 -0.000023 0.000009 -0.000007 0.000005 0.000360 -0.000022 0.000004 -0.000003 0.000001 -0.000001 0.000001 -0.000003 -0.000028 0.000200 -0.000050 0.000196 -0.000764 0.000448 -0.000074 0.000011 0.000041 -0.000004 0.000000 -0.000000 0.000000 -0.000000 -0.000000 0.000015 -0.000032 0.000000 -0.000000 0.000000 -0.000000 0.000000 -0.000001 0.000095 -0.000000 0.000000 -0.000000 0.000000 -0.000000 0.000221 
1289.939625 -0.501895 0.027993 0.005000 -0.002792 -0.001320 0.004533 -0.120425 -0.002089 0.005111 -0.001911 -0.000079 0.001052 -0.003200 0.004151 -0.053610 -0.007759 0.001716 -0.000840 0.000388 -0.000157 0.000118 0.000141 -0.046697 0.000904 -0.000064 0.000050 -0.000024 0.000009 -0.000007 -0.000018 0.005992 -0.003863 0.000018 -0.000064 0.000252 -0.000147 0.000024 0.000022 -0.005034 0.000151 -0.000000 0.000000 -0.000000 -0.000000 0.000004 -0.001892 0.004177 -0.000002 0.000000 -0.000000 0.000000 -0.000000 0.000078 -0.012344 0.000001 -0.000000 0.000000 -0.000000 0.000000 -0.000000 0.000188 
-30213.234966 -11.763625 0.676700 0.111015 -0.064045 -0.030398 0.055879 2.637308 -0.904011 0.120274 -0.044561 -0.001830 0.024497 -0.074445 0.080288 1.158471 -0.419794 0.040191 -0.019582 0.009046 -0.003649 0.002802 -0.008740 1.093706 -0.008173 -0.001434 0.001175 -0.000555 0.000198 -0.000160 0.000513 -0.140550 0.087413 0.000365 -0.001534 0.005984 -0.003504 0.000583 -0.000683 0.117785 -0.003483 0.000005 0.000000 -0.000000 0.000000 -0.000085 0.044268 -0.097758 0.000054 -0.000000 0.000000 -0.000000 0.000006 -0.001827 0.288886 -0.000027 0.000000 -0.000000 0.000000 -0.000000 -0.000000 -0.000000 0.102961 
3.571260 0.061798 0.000565 -0.002239 0.000393 0.000598 -0.000684 0.000199 0.002846 -0.000646 0.000222 0.000031 -0.000159 0.000464 -0.000541 0.000147 0.001824 -0.000237 0.000113 -0.000051 0.000020 -0.000015 0.000015 -0.000130 -0.000034 0.000008 -0.000007 0.000004 -0.000001 0.000001 -0.000000 0.000017 -0.000003 -0.000002 0.000006 -0.000025 0.000014 -0.000002 0.000000 -0.000014 0.000000 0.000000 -0.000000 0.000000 -0.000000 0.000000 -0.000005 0.000011 -0.000000 0.000000 0.000000 0.000000 -0.000000 0.000000 -0.000034 0.000000 -0.000000 0.000000 -0.000000 0.000000 -0.000000 -0.000000 0.000000 0.000024 
-0.067604 -0.064025 -0.017693 0.007970 0.000695 -0.003242 0.001504 0.000206 0.000489 -0.000548 0.000338 -0.000141 0.000078 -0.000092 0.000043 0.000021 0.000033 -0.000042 0.000036 -0.000024 0.000014 -0.000013 0.000013 0.000000 -0.000026 0.000003 0.000001 -0.000002 0.000002 -0.000002 0.000000 -0.000001 -0.000006 0.000000 -0.000000 0.000001 -0.000000 0.000000 -0.000000 0.000000 -0.000000 0.000000 -0.000000 0.000000 -0.000000 -0.000000 0.000000 -0.000000 -0.000000 0.000000 -0.000000 0.000000 0.000000 -0.000000 0.000000 -0.000000 0.000000 0.000000 -0.000000 -0.000000 -0.000000 0.000000 -0.000000 0.000000 0.000006 
0.831638 0.813822 0.229329 -0.102680 -0.009208 0.041939 -0.019299 -0.002872 -0.007427 0.007369 -0.004475 0.001815 -0.000949 0.001015 -0.000350 -0.000373 -0.001080 0.000616 -0.000497 0.000324 -0.000191 0.000178 -0.000179 0.000001 0.000378 -0.000051 -0.000004 0.000024 -0.000020 0.000022 -0.000005 0.000007 0.000067 -0.000003 0.000001 -0.000002 0.000001 0.000000 -0.000000 -0.000000 0.000000 -0.000000 0.000000 -0.000000 0.000000 -0.000000 -0.000000 -0.000000 0.000000 -0.000000 0.000000 -0.000000 0.000000 0.000000 -0.000000 0.000000 0.000000 -0.000000 0.000000 0.000000 0.000000 -0.000000 0.000000 -0.000000 0.000000 0.000232 
-0.008266 -0.010272 -0.002916 0.001292 0.000126 -0.000533 0.000238 0.000043 0.000132 -0.000099 0.000054 -0.000015 0.000002 0.000004 -0.000003 -0.000004 -0.000010 0.000007 -0.000006 0.000003 0.000001 -0.000006 0.000013 -0.000007 -0.000039 0.000011 -0.000010 0.000005 -0.000002 0.000002 -0.000000 0.000000 0.000004 -0.000000 0.000000 0.000000 -0.000000 0.000000 -0.000000 -0.000000 0.000000 -0.000000 0.000000 -0.000000 0.000000 -0.000000 -0.000000 0.000000 -0.000000 0.000000 -0.000000 0.000000 -0.000000 0.000000 -0.000000 0.000000 -0.000000 -0.000000 0.000000 0.000000 -0.000000 0.000000 -0.000000 0.000000 -0.000000 0.000000 0.000003 
-0.994006 0.003416 0.001063 -0.000388 -0.000102 0.000192 -0.000042 0.000029 -0.000304 0.000070 0.000002 -0.000048 0.000067 -0.000117 0.000049 0.000104 0.000193 -0.000114 0.000090 -0.000048 0.000006 0.000030 -0.000087 0.000094 0.000288 -0.000084 0.000085 -0.000047 0.000019 -0.000017 0.000003 -0.000008 -0.000033 0.000001 -0.000000 -0.000000 0.000000 -0.000000 0.000000 0.000004 -0.000000 0.000000 -0.000000 0.000000 -0.000000 -0.000000 0.000001 -0.000003 0.000000 -0.000000 0.000000 -0.000000 0.000000 -0.000000 0.000010 -0.000000 0.000000 -0.000000 0.000000 -0.000000 0.000000 -0.000000 0.000002 -0.000000 0.000000 -0.000000 0.000000 0.000002 
337.614136 -0.009001 -0.002706 0.000884 0.000325 -0.000482 0.000320 -0.030282 0.005826 -0.000219 -0.000042 0.000201 -0.000267 0.000451 -0.000086 -0.013754 0.000480 0.000466 -0.000362 0.000189 -0.000012 -0.000149 0.000475 -0.012490 -0.001182 0.000395 -0.000402 0.000222 -0.000093 0.000079 -0.000020 0.001585 -0.000836 -0.000005 0.000002 0.000001 -0.000002 0.000001 0.000006 -0.001317 0.000039 -0.000000 0.000000 -0.000000 -0.000000 0.000001 -0.000495 0.001093 -0.000001 0.000000 -0.000000 0.000000 -0.000000 0.000020 -0.003230 0.000000 -0.000000 0.000000 -0.000000 0.000000 -0.000000 0.000025 -0.000576 0.000000 -0.000000 0.000000 -0.000000 0.000000 0.000025 
-14994.628649 -0.099867 -0.042331 0.013866 0.005050 -0.007379 -0.011688 1.357522 -0.196745 -0.003032 -0.000635 0.003085 -0.004103 0.006998 -0.006851 0.594914 -0.072561 0.007218 -0.005568 0.002917 -0.000197 -0.002236 0.003196 0.538730 -0.027706 0.006014 -0.006103 0.003368 -0.001416 0.001199 0.000006 -0.069469 0.046554 -0.000099 0.000024 0.000010 -0.000025 0.000011 -0.000297 0.058485 -0.001738 0.000003 0.000000 -0.000000 0.000000 -0.000042 0.021979 -0.048535 0.000027 -0.000000 -0.000000 -0.000000 0.000003 -0.000907 0.143429 -0.000013 0.000000 -0.000000 0.000000 -0.000000 0.000008 -0.001093 0.025580 -0.000003 0.000000 -0.000000 0.000000 -0.000000 0.000000 0.017029 
0.817749 -0.003619 -0.001129 0.000419 0.000108 -0.000216 0.000055 -0.000011 0.000306 -0.000083 0.000014 0.000031 -0.000051 0.000100 -0.000061 -0.000058 -0.000025 0.000062 -0.000056 0.000038 -0.000023 0.000024 -0.000032 -0.000015 0.000095 -0.000030 0.000035 -0.000021 0.000009 -0.000008 0.000001 0.000004 -0.000002 -0.000000 0.000000 -0.000000 -0.000000 0.000000 -0.000000 -0.000003 0.000000 -0.000000 0.000000 -0.000000 0.000000 0.000000 -0.000001 0.000003 0.000000 -0.000000 0.000000 -0.000000 -0.000000 0.000000 -0.000008 0.000000 -0.000000 0.000000 -0.000000 0.000000 -0.000000 0.000000 -0.000001 0.000000 -0.000000 0.000000 -0.000000 -0.000000 -0.000000 0.000000 0.000001 
0.016262 0.026427 0.008276 -0.003039 -0.000814 0.001573 -0.000374 -0.000480 -0.002254 0.000613 -0.000085 -0.000264 0.000419 -0.000801 0.000466 0.000246 0.000427 -0.000554 0.000484 -0.000313 0.000161 -0.000123 0.000103 -0.000018 -0.000251 0.000083 -0.000108 0.000071 -0.000034 0.000029 -0.000002 -0.000004 -0.000033 0.000003 -0.000002 -0.000000 0.000002 -0.000001 0.000000 0.000000 -0.000000 0.000000 -0.000000 0.000000 -0.000000 -0.000000 0.000000 0.000000 -0.000000 0.000000 -0.000000 0.000000 -0.000000 -0.000000 0.000000 -0.000000 0.000000 -0.000000 0.000000 -0.000000 0.000000 -0.000000 0.000000 -0.000000 0.000000 0.000000 -0.000000 -0.000000 0.000000 -0.000000 0.000000 0.000007 
-0.001517 -0.001494 -0.000454 0.000181 0.000037 -0.000090 0.000029 0.000021 0.000094 -0.000032 0.000009 0.000008 -0.000018 0.000039 -0.000028 -0.000008 0.000002 0.000025 -0.000026 0.000020 -0.000015 0.000015 -0.000015 -0.000002 0.000028 -0.000002 -0.000002 0.000002 -0.000000 -0.000000 0.000001 -0.000002 -0.000018 0.000001 -0.000000 -0.000000 0.000000 -0.000000 0.000000 0.000000 -0.000000 0.000000 -0.000000 0.000000 -0.000000 0.000000 -0.000000 -0.000000 0.000000 -0.000000 0.000000 -0.000000 0.000000 -0.000000 -0.000000 0.000000 -0.000000 0.000000 -0.000000 0.000000 -0.000000 0.000000 -0.000000 -0.000000 0.000000 -0.000000 0.000000 0.000000 -0.000000 0.000000 -0.000000 0.000000 0.000001 
0.001319 0.000822 0.000152 -0.000170 0.000042 0.000065 -0.000081 0.000038 0.000218 -0.000009 -0.000037 0.000050 -0.000040 0.000035 0.000022 -0.000048 -0.000218 0.000040 -0.000003 -0.000029 0.000054 -0.000079 0.000090 0.000018 -0.000157 -0.000011 0.000065 -0.000049 0.000020 -0.000011 -0.000004 0.000017 0.000156 -0.000009 0.000004 0.000001 -0.000004 0.000002 -0.000001 -0.000000 0.000000 -0.000000 0.000000 -0.000000 0.000000 -0.000000 0.000000 0.000002 -0.000000 0.000000 -0.000000 0.000000 -0.000000 0.000000 -0.000000 -0.000000 0.000000 -0.000000 0.000000 -0.000000 0.000000 0.000000 -0.000000 0.000000 -0.000000 0.000000 0.000000 -0.000000 0.000000 -0.000000 0.000000 -0.000000 0.000000 0.000000 
-0.044782 -0.000205 -0.000086 0.000024 0.000017 -0.000027 0.000012 0.000005 -0.000002 -0.000003 0.000002 -0.000002 0.000002 -0.000002 -0.000001 0.000005 0.000014 -0.000004 0.000001 0.000002 -0.000005 0.000009 -0.000015 0.000003 0.000033 -0.000002 -0.000008 0.000009 -0.000006 0.000006 -0.000001 0.000001 0.000015 -0.000000 0.000000 0.000000 -0.000000 0.000000 -0.000000 0.000000 0.000000 -0.000000 0.000000 -0.000000 0.000000 0.000000 0.000000 -0.000001 0.000000 -0.000000 0.000000 -0.000000 0.000000 -0.000000 0.000000 -0.000000 -0.000000 0.000000 -0.000000 0.000000 0.000000 -0.000000 0.000000 -0.000000 0.000000 -0.000000 -0.000000 0.000000 -0.000000 0.000000 -0.000000 0.000000 -0.000000 0.000000 0.000000 
13.661091 0.000209 0.000304 0.000025 -0.000135 0.000106 0.000005 -0.001264 0.000046 0.000020 0.000015 -0.000028 0.000023 -0.000021 -0.000005 -0.000526 0.000145 -0.000013 -0.000003 0.000012 -0.000015 0.000011 0.000009 -0.000514 -0.000042 0.000017 -0.000011 -0.000007 0.000016 -0.000023 0.000010 0.000044 -0.000232 0.000009 -0.000003 -0.000001 0.000003 -0.000001 0.000001 -0.000053 0.000001 0.000000 -0.000000 0.000000 -0.000000 0.000000 -0.000020 0.000051 -0.000001 0.000001 -0.000000 0.000000 -0.000000 0.000001 -0.000131 0.000000 -0.000000 -0.000000 0.000000 0.000000 -0.000000 0.000001 -0.000023 0.000000 -0.000000 0.000000 0.000000 -0.000000 0.000000 -0.000012 0.000000 -0.000000 0.000000 -0.000000 0.000000 0.000000 
-1360.155923 0.006002 0.003352 0.000177 -0.001398 0.001108 -0.001176 0.122517 -0.020912 0.000242 0.000165 -0.000303 0.000251 -0.000219 -0.000464 0.054548 -0.004419 -0.000133 -0.000028 0.000131 -0.000157 0.000115 -0.000208 0.049026 -0.001182 0.000187 -0.000113 -0.000073 0.000168 -0.000248 0.000130 -0.006533 0.001950 0.000094 -0.000034 -0.000008 0.000035 -0.000015 -0.000021 0.005305 -0.000162 0.000002 -0.000001 0.000001 -0.000000 -0.000004 0.001997 -0.004338 -0.000009 0.000007 -0.000000 0.000000 0.000000 -0.000082 0.013011 -0.000001 0.000000 -0.000000 0.000000 -0.000000 0.000001 -0.000099 0.002320 -0.000000 0.000000 -0.000000 -0.000000 0.000000 -0.000026 0.001152 -0.000000 0.000000 -0.000000 0.000000 -0.000000 0.000000 0.000116 
0.211710 0.000826 0.000081 -0.000106 0.000073 -0.000058 0.000023 -0.000022 -0.000019 0.000003 -0.000001 0.000001 -0.000001 0.000001 0.000000 -0.000009 -0.000003 0.000001 -0.000000 -0.000001 0.000001 -0.000001 -0.000000 -0.000006 0.000003 -0.000001 0.000001 0.000000 -0.000001 0.000002 -0.000001 0.000003 0.000022 -0.000001 0.000000 0.000000 -0.000000 0.000000 -0.000000 -0.000001 0.000000 0.000000 -0.000000 0.000000 -0.000000 0.000000 -0.000001 -0.000006 0.000001 -0.000001 0.000000 -0.000000 0.000000 0.000000 -0.000002 0.000000 -0.000000 0.000000 -0.000000 0.000000 -0.000000 0.000000 -0.000000 0.000000 0.000000 -0.000000 0.000000 -0.000000 0.000000 -0.000000 0.000000 -0.000000 0.000000 -0.000000 -0.000000 -0.000000 0.000000 0.000000 
-0.016792 -0.015348 -0.001849 0.001914 -0.001168 0.000905 -0.000393 0.000092 0.000595 -0.000078 0.000004 0.000020 -0.000016 0.000010 0.000010 -0.000013 -0.000065 0.000006 0.000003 -0.000007 0.000007 -0.000006 -0.000001 0.000006 0.000012 -0.000004 0.000001 0.000002 -0.000003 0.000003 0.000001 -0.000005 -0.000044 0.000003 -0.000001 -0.000000 0.000001 -0.000001 0.000000 0.000000 0.000000 -0.000000 0.000000 -0.000000 0.000000 -0.000001 0.000006 0.000117 -0.000021 0.000013 -0.000001 0.000000 -0.000000 0.000000 0.000000 -0.000000 0.000000 -0.000000 0.000000 -0.000000 0.000000 -0.000000 -0.000000 0.000000 -0.000000 0.000000 -0.000000 0.000000 -0.000000 0.000000 -0.000000 0.000000 0.000000 -0.000000 0.000000 0.000000 -0.000000 0.000000 0.000000 
0.000354 0.000342 -0.000078 -0.000084 0.000091 -0.000053 0.000002 0.000009 0.000045 -0.000002 -0.000008 0.000010 -0.000007 0.000004 0.000004 -0.000005 -0.000025 0.000002 0.000001 -0.000003 0.000003 -0.000002 0.000000 0.000002 0.000004 -0.000001 0.000000 0.000001 -0.000001 0.000001 0.000001 -0.000003 -0.000024 0.000001 -0.000001 -0.000000 0.000001 -0.000000 0.000000 0.000000 0.000000 -0.000000 0.000000 -0.000000 0.000000 0.000000 -0.000000 -0.000005 0.000001 -0.000001 0.000000 -0.000000 0.000000 -0.000000 -0.000000 0.000000 -0.000000 0.000000 -0.000000 0.000000 -0.000000 0.000000 0.000000 -0.000000 0.000000 -0.000000 0.000000 -0.000000 0.000000 -0.000000 -0.000000 0.000000 -0.000000 0.000000 0.000000 -0.000000 0.000000 -0.000000 0.000000 0.000000 
-0.000264 -0.000346 -0.000010 0.000062 -0.000072 0.000061 -0.000011 -0.000013 -0.000060 0.000008 0.000009 -0.000015 0.000011 -0.000008 -0.000006 0.000009 0.000044 -0.000005 -0.000002 0.000005 -0.000006 0.000004 0.000000 -0.000004 -0.000008 0.000002 0.000000 -0.000001 0.000001 -0.000000 -0.000001 0.000004 0.000037 -0.000002 0.000001 0.000000 -0.000001 0.000000 -0.000000 0.000000 0.000000 -0.000000 0.000000 -0.000000 0.000000 -0.000000 0.000000 0.000005 -0.000001 0.000001 -0.000000 0.000000 -0.000000 -0.000000 -0.000000 0.000000 0.000000 -0.000000 0.000000 -0.000000 0.000000 -0.000000 -0.000000 0.000000 -0.000000 0.000000 -0.000000 0.000000 0.000000 -0.000000 0.000000 -0.000000 0.000000 0.000000 -0.000000 0.000000 -0.000000 0.000000 -0.000000 0.000000 0.000000 
-0.067653 0.000833 0.001725 0.000099 -0.000311 -0.000038 0.000160 -0.000028 -0.000226 -0.000024 0.000033 -0.000008 -0.000008 0.000020 -0.000004 -0.000012 -0.000057 0.000015 -0.000001 -0.000010 0.000013 -0.000009 -0.000005 0.000011 0.000025 -0.000001 -0.000008 0.000004 0.000002 -0.000005 0.000001 -0.000001 -0.000004 -0.000001 0.000001 0.000001 -0.000002 0.000000 0.000001 -0.000001 -0.000008 0.000006 -0.000006 0.000003 -0.000000 0.000000 -0.000000 -0.000003 0.000000 0.000000 -0.000000 0.000000 -0.000000 -0.000000 0.000001 -0.000000 -0.000000 0.000000 -0.000000 0.000000 -0.000000 0.000000 0.000001 -0.000000 0.000000 -0.000000 0.000000 0.000000 -0.000000 0.000000 -0.000000 0.000000 -0.000000 -0.000000 0.000000 -0.000000 0.000000 -0.000000 0.000000 -0.000000 0.000000 0.000000 
84.291098 0.039435 -0.013772 0.000715 0.001348 0.000177 -0.000769 -0.007372 0.002674 0.000095 -0.000215 0.000086 0.000033 -0.000127 0.000060 -0.003272 0.000669 -0.000101 0.000010 0.000062 -0.000082 0.000052 0.000049 -0.003097 -0.000113 0.000000 0.000051 -0.000023 -0.000015 0.000030 -0.000007 0.000389 -0.000264 0.000005 0.000003 -0.000035 0.000025 -0.000003 -0.000005 -0.000320 0.000050 -0.000030 0.000033 -0.000017 0.000002 -0.000000 -0.000123 0.000285 -0.000000 -0.000000 0.000000 -0.000000 -0.000000 0.000005 -0.000806 0.000000 0.000000 -0.000000 0.000000 -0.000001 0.000003 0.000005 -0.000164 0.000000 -0.000000 0.000000 -0.000000 -0.000000 0.000002 -0.000071 0.000000 -0.000000 0.000000 0.000000 -0.000000 0.000000 -0.000006 0.000000 -0.000000 0.000000 -0.000000 0.000000 0.000004 
-13291.326302 0.560633 -0.248415 0.007303 0.028956 0.003440 -0.027880 1.205114 -0.159507 0.002290 -0.004244 0.001613 0.000687 -0.002474 -0.002915 0.532821 -0.046104 -0.001914 0.000202 0.001213 -0.001622 0.001049 -0.002013 0.480240 -0.009492 0.000022 0.001008 -0.000464 -0.000290 0.000581 0.000090 -0.061833 0.038869 0.000089 0.000026 -0.000539 0.000418 -0.000037 -0.000392 0.052022 -0.000730 -0.000598 0.000662 -0.000353 0.000046 -0.000048 0.019494 -0.042777 0.000020 -0.000008 0.000001 -0.000000 0.000003 -0.000804 0.127141 -0.000012 0.000000 -0.000000 0.000001 -0.000016 0.000048 -0.000982 0.022358 -0.000001 -0.000000 0.000000 -0.000000 0.000001 -0.000253 0.011258 -0.000001 0.000000 -0.000000 -0.000000 0.000000 -0.000010 0.001021 -0.000000 0.000000 -0.000000 0.000000 -0.000000 -0.000000 0.011219 
2.789509 -0.262511 0.025493 -0.007181 0.002389 -0.000219 -0.000321 -0.000328 -0.000101 0.000130 0.000011 -0.000079 0.000033 0.000021 -0.000032 -0.000136 -0.000006 0.000024 -0.000002 -0.000012 0.000009 0.000001 -0.000009 -0.000116 0.000012 0.000007 -0.000009 -0.000001 0.000005 -0.000004 -0.000002 0.000018 0.000033 0.000009 -0.000044 0.000162 -0.000090 0.000013 -0.000004 -0.000008 0.000019 -0.000015 0.000017 -0.000010 0.000001 -0.000000 -0.000004 0.000015 -0.000000 -0.000000 0.000000 -0.000000 0.000000 0.000000 -0.000029 0.000000 -0.000000 0.000000 -0.000000 0.000005 -0.000012 0.000004 0.000092 -0.000000 0.000000 -0.000000 0.000000 -0.000000 0.000000 -0.000003 0.000000 -0.000000 -0.000000 0.000000 -0.000000 0.000000 -0.000000 0.000000 -0.000000 0.000000 -0.000000 0.000000 -0.000000 0.000000 0.000003 
0.002245 0.003266 -0.002233 -0.000194 0.000263 0.000154 -0.000125 -0.000061 -0.000261 0.000052 0.000040 -0.000055 0.000012 0.000032 -0.000022 -0.000023 -0.000067 0.000028 -0.000002 -0.000016 0.000017 -0.000007 -0.000010 0.000004 0.000028 0.000004 -0.000012 0.000003 0.000005 -0.000006 -0.000001 0.000005 0.000043 -0.000002 0.000000 -0.000003 0.000004 -0.000002 0.000000 0.000001 0.000003 -0.000003 0.000004 -0.000002 0.000000 -0.000000 0.000000 0.000000 0.000000 -0.000000 -0.000000 -0.000000 0.000000 -0.000000 -0.000000 0.000000 0.000000 -0.000000 0.000000 -0.000000 0.000000 -0.000000 -0.000002 0.000000 -0.000000 0.000000 -0.000000 0.000000 -0.000000 0.000000 -0.000000 -0.000000 0.000000 -0.000000 0.000000 -0.000000 0.000000 -0.000000 0.000000 -0.000000 -0.000000 0.000000 0.000000 -0.000000 0.000000 0.000000 
-0.000222 -0.000218 -0.000114 -0.000026 0.000021 0.000010 -0.000008 -0.000004 -0.000017 0.000002 0.000003 -0.000002 -0.000001 0.000002 0.000001 -0.000002 -0.000007 -0.000000 0.000001 -0.000000 -0.000001 0.000001 -0.000000 -0.000001 -0.000002 0.000000 0.000000 -0.000000 -0.000000 0.000000 -0.000000 -0.000000 -0.000000 0.000000 -0.000000 0.000000 0.000000 -0.000000 0.000000 -0.000000 -0.000001 0.000000 -0.000000 0.000000 0.000000 0.000000 -0.000000 -0.000000 0.000000 0.000000 -0.000000 0.000000 0.000000 -0.000000 -0.000000 0.000000 0.000000 -0.000000 -0.000000 0.000000 -0.000000 0.000000 0.000000 -0.000000 0.000000 -0.000000 0.000000 -0.000000 -0.000000 0.000000 0.000000 -0.000000 0.000000 -0.000000 0.000000 -0.000000 0.000000 -0.000000 0.000000 -0.000000 0.000000 0.000000 -0.000000 0.000000 -0.000000 0.000000 0.000000 


